D	q
2.168404344971008868e-19	9.100332521354315141e-02
1.197505766813589806e-05	9.168813451897146749e-02
2.395011533627136244e-05	9.237294382439976970e-02
3.592517300440704366e-05	9.305775312982808578e-02
4.790023067254272487e-05	9.374256243525640186e-02
5.987528834067818925e-05	9.442737174068470407e-02
7.185034600881387047e-05	9.511218104611302016e-02
8.382540367694955169e-05	9.579699035154133624e-02
9.580046134508523291e-05	9.648179965696965232e-02
1.077755190132206973e-04	9.716660896239795453e-02
1.197505766813563785e-04	9.785141826782627061e-02
1.317256343494920597e-04	9.853622757325458670e-02
1.437006920176275241e-04	9.922103687868288890e-02
1.556757496857632053e-04	9.990584618411120499e-02
1.676508073538988865e-04	1.005906554895395211e-01
1.796258650220343509e-04	1.012754647949678233e-01
1.916009226901700321e-04	1.019602741003961394e-01
2.035759803583057134e-04	1.026450834058244554e-01
2.155510380264411777e-04	1.033298927112527577e-01
2.275260956945768590e-04	1.040147020166810737e-01
2.395011533627125402e-04	1.046995113221093898e-01
2.514762110308482214e-04	1.053843206275377059e-01
2.634512686989836858e-04	1.060691299329660081e-01
2.754263263671193670e-04	1.067539392383943242e-01
2.874013840352550482e-04	1.074387485438226403e-01
2.993764417033907294e-04	1.081235578492509564e-01
3.113514993715261938e-04	1.088083671546792586e-01
3.233265570396618750e-04	1.094931764601075747e-01
3.353016147077975562e-04	1.101779857655358907e-01
3.472766723759330206e-04	1.108627950709641929e-01
3.592517300440687018e-04	1.115476043763925090e-01
3.712267877122045999e-04	1.122324136818208251e-01
3.832018453803400643e-04	1.129172229872491273e-01
3.951769030484755287e-04	1.136020322926774434e-01
4.071519607166114267e-04	1.142868415981057595e-01
4.191270183847468911e-04	1.149716509035340617e-01
4.311020760528823555e-04	1.156564602089623778e-01
4.430771337210182535e-04	1.163412695143906939e-01
4.550521913891537179e-04	1.170260788198189961e-01
4.670272490572891823e-04	1.177108881252473122e-01
4.790023067254250803e-04	1.183956974306756282e-01
4.909773643935605447e-04	1.190805067361039304e-01
5.029524220616960091e-04	1.197653160415322465e-01
5.149274797298319072e-04	1.204501253469605626e-01
5.269025373979673715e-04	1.211349346523888648e-01
5.388775950661028359e-04	1.218197439578171809e-01
5.508526527342387340e-04	1.225045532632454970e-01
5.628277104023741984e-04	1.231893625686737992e-01
5.748027680705100964e-04	1.238741718741021292e-01
5.867778257386455608e-04	1.245589811795304314e-01
5.987528834067814588e-04	1.252437904849587613e-01
6.107279410749169232e-04	1.259285997903870635e-01
6.227029987430523876e-04	1.266134090958153657e-01
6.346780564111878520e-04	1.272982184012436679e-01
6.466531140793237500e-04	1.279830277066719979e-01
6.586281717474592144e-04	1.286678370121003001e-01
6.706032294155951125e-04	1.293526463175286301e-01
6.825782870837305769e-04	1.300374556229569323e-01
6.945533447518660412e-04	1.307222649283852345e-01
7.065284024200015056e-04	1.314070742338135367e-01
7.185034600881374037e-04	1.320918835392418667e-01
7.304785177562728681e-04	1.327766928446701689e-01
7.424535754244087661e-04	1.334615021500984988e-01
7.544286330925442305e-04	1.341463114555268010e-01
7.664036907606796949e-04	1.348311207609551032e-01
7.783787484288151592e-04	1.355159300663834054e-01
7.903538060969510573e-04	1.362007393718117354e-01
8.023288637650865217e-04	1.368855486772400376e-01
8.143039214332224197e-04	1.375703579826683676e-01
8.262789791013578841e-04	1.382551672880966698e-01
8.382540367694933485e-04	1.389399765935249720e-01
8.502290944376292466e-04	1.396247858989533019e-01
8.622041521057647109e-04	1.403095952043816041e-01
8.741792097739006090e-04	1.409944045098099341e-01
8.861542674420360734e-04	1.416792138152382363e-01
8.981293251101715377e-04	1.423640231206665385e-01
9.101043827783070021e-04	1.430488324260948407e-01
9.220794404464429002e-04	1.437336417315231707e-01
9.340544981145783646e-04	1.444184510369514729e-01
9.460295557827142626e-04	1.451032603423798029e-01
9.580046134508497270e-04	1.457880696478081051e-01
9.699796711189851914e-04	1.464728789532364073e-01
9.819547287871206558e-04	1.471576882586647095e-01
9.939297864552565538e-04	1.478424975640930394e-01
1.005904844123392018e-03	1.485273068695213416e-01
1.017879901791527916e-03	1.492121161749496716e-01
1.029854959459663381e-03	1.498969254803779738e-01
1.041830017127798845e-03	1.505817347858062760e-01
1.053805074795934309e-03	1.512665440912345782e-01
1.065780132464070207e-03	1.519513533966629082e-01
1.077755190132205672e-03	1.526361627020912104e-01
1.089730247800341570e-03	1.533209720075195404e-01
1.101705305468477034e-03	1.540057813129478426e-01
1.113680363136612499e-03	1.546905906183761448e-01
1.125655420804747963e-03	1.553753999238044470e-01
1.137630478472883861e-03	1.560602092292327769e-01
1.149605536141020193e-03	1.567450185346611069e-01
1.161580593809155657e-03	1.574298278400894091e-01
1.173555651477290688e-03	1.581146371455177113e-01
1.185530709145426152e-03	1.587994464509460135e-01
1.197505766813562484e-03	1.594842557563743435e-01
1.209480824481697948e-03	1.601690650618026457e-01
1.221455882149833846e-03	1.608538743672309757e-01
1.233430939817969311e-03	1.615386836726592779e-01
1.245405997486104775e-03	1.622234929780875801e-01
1.257381055154240240e-03	1.629083022835158823e-01
1.269356112822376138e-03	1.635931115889442122e-01
1.281331170490511602e-03	1.642779208943725144e-01
1.293306228158647500e-03	1.649627301998008444e-01
1.305281285826782964e-03	1.656475395052291466e-01
1.317256343494918429e-03	1.663323488106574488e-01
1.329231401163053893e-03	1.670171581160857510e-01
1.341206458831189791e-03	1.677019674215140810e-01
1.353181516499325689e-03	1.683867767269424109e-01
1.365156574167461154e-03	1.690715860323707131e-01
1.377131631835596618e-03	1.697563953377990154e-01
1.389106689503732082e-03	1.704412046432273176e-01
1.401081747171867547e-03	1.711260139486556198e-01
1.413056804840003445e-03	1.718108232540839497e-01
1.425031862508139343e-03	1.724956325595122797e-01
1.437006920176274807e-03	1.731804418649405819e-01
1.448981977844410272e-03	1.738652511703688841e-01
1.460957035512545736e-03	1.745500604757971863e-01
1.472932093180681634e-03	1.752348697812255163e-01
1.484907150848817099e-03	1.759196790866538185e-01
1.496882208516952997e-03	1.766044883920821484e-01
1.508857266185088461e-03	1.772892976975104506e-01
1.520832323853223925e-03	1.779741070029387529e-01
1.532807381521359390e-03	1.786589163083670551e-01
1.544782439189495288e-03	1.793437256137953850e-01
1.556757496857630752e-03	1.800285349192236872e-01
1.568732554525766650e-03	1.807133442246520172e-01
1.580707612193902115e-03	1.813981535300803194e-01
1.592682669862037579e-03	1.820829628355086216e-01
1.604657727530173043e-03	1.827677721409369238e-01
1.616632785198308941e-03	1.834525814463652538e-01
1.628607842866444839e-03	1.841373907517935837e-01
1.640582900534580304e-03	1.848222000572218859e-01
1.652557958202715768e-03	1.855070093626501881e-01
1.664533015870851233e-03	1.861918186680784904e-01
1.676508073538986697e-03	1.868766279735067926e-01
1.688483131207122595e-03	1.875614372789351225e-01
1.700458188875258493e-03	1.882462465843634525e-01
1.712433246543393957e-03	1.889310558897917547e-01
1.724408304211529422e-03	1.896158651952200569e-01
1.736383361879664886e-03	1.903006745006483591e-01
1.748358419547800784e-03	1.909854838060766891e-01
1.760333477215936249e-03	1.916702931115049913e-01
1.772308534884072147e-03	1.923551024169333212e-01
1.784283592552207611e-03	1.930399117223616234e-01
1.796258650220343075e-03	1.937247210277899256e-01
1.808233707888478540e-03	1.944095303332182278e-01
1.820208765556614438e-03	1.950943396386465578e-01
1.832183823224749902e-03	1.957791489440748600e-01
1.844158880892885800e-03	1.964639582495031900e-01
1.856133938561021265e-03	1.971487675549314922e-01
1.868108996229156729e-03	1.978335768603597944e-01
1.880084053897292194e-03	1.985183861657880966e-01
1.892059111565428092e-03	1.992031954712164266e-01
1.904034169233563990e-03	1.998880047766447565e-01
1.916009226901699454e-03	2.005728140820730587e-01
1.927984284569834918e-03	2.012576233875013609e-01
1.939959342237970383e-03	2.019424326929296631e-01
1.951934399906105847e-03	2.026272419983579653e-01
1.963909457574241745e-03	2.033120513037862953e-01
1.975884515242377643e-03	2.039968606092146253e-01
1.987859572910513108e-03	2.046816699146429275e-01
1.999834630578648572e-03	2.053664792200712297e-01
2.011809688246784036e-03	2.060512885254995319e-01
2.023784745914919934e-03	2.067360978309278619e-01
2.035759803583055399e-03	2.074209071363561641e-01
2.047734861251191297e-03	2.081057164417844940e-01
2.059709918919326761e-03	2.087905257472127962e-01
2.071684976587462226e-03	2.094753350526410984e-01
2.083660034255597690e-03	2.101601443580694006e-01
2.095635091923733588e-03	2.108449536634977306e-01
2.107610149591869052e-03	2.115297629689260328e-01
2.119585207260005384e-03	2.122145722743543628e-01
2.131560264928140849e-03	2.128993815797826650e-01
2.143535322596275879e-03	2.135841908852109672e-01
2.155510380264411344e-03	2.142690001906392694e-01
2.167485437932547675e-03	2.149538094960675993e-01
2.179460495600683573e-03	2.156386188014959293e-01
2.191435553268819038e-03	2.163234281069242315e-01
2.203410610936954502e-03	2.170082374123525337e-01
2.215385668605089967e-03	2.176930467177808359e-01
2.227360726273225865e-03	2.183778560232091659e-01
2.239335783941361329e-03	2.190626653286374681e-01
2.251310841609496793e-03	2.197474746340657703e-01
2.263285899277632691e-03	2.204322839394941003e-01
2.275260956945768156e-03	2.211170932449224025e-01
2.287236014613903620e-03	2.218019025503507047e-01
2.299211072282039518e-03	2.224867118557790346e-01
2.311186129950174983e-03	2.231715211612073368e-01
2.323161187618310013e-03	2.238563304666356391e-01
2.335136245286445911e-03	2.245411397720639690e-01
2.347111302954581809e-03	2.252259490774922712e-01
2.359086360622716840e-03	2.259107583829205734e-01
2.371061418290852738e-03	2.265955676883489034e-01
2.383036475958988636e-03	2.272803769937772056e-01
2.395011533627124534e-03	2.279651862992055356e-01
2.406986591295259565e-03	2.286499956046338378e-01
2.418961648963395463e-03	2.293348049100621400e-01
2.430936706631531361e-03	2.300196142154904699e-01
2.442911764299666392e-03	2.307044235209187721e-01
2.454886821967802290e-03	2.313892328263470743e-01
2.466861879635938188e-03	2.320740421317754043e-01
2.478836937304073219e-03	2.327588514372037065e-01
2.490811994972209117e-03	2.334436607426320087e-01
2.502787052640345015e-03	2.341284700480603387e-01
2.514762110308480045e-03	2.348132793534886409e-01
2.526737167976615944e-03	2.354980886589169431e-01
2.538712225644751842e-03	2.361828979643452731e-01
2.550687283312886872e-03	2.368677072697735753e-01
2.562662340981022770e-03	2.375525165752018775e-01
2.574637398649158668e-03	2.382373258806302074e-01
2.586612456317293699e-03	2.389221351860585096e-01
2.598587513985429597e-03	2.396069444914868118e-01
2.610562571653565495e-03	2.402917537969151418e-01
2.622537629321700526e-03	2.409765631023434440e-01
2.634512686989836424e-03	2.416613724077717462e-01
2.646487744657972322e-03	2.423461817132000762e-01
2.658462802326108220e-03	2.430309910186283784e-01
2.670437859994244118e-03	2.437158003240567083e-01
2.682412917662379149e-03	2.444006096294850106e-01
2.694387975330515047e-03	2.450854189349133128e-01
2.706363032998650945e-03	2.457702282403416427e-01
2.718338090666785976e-03	2.464550375457699449e-01
2.730313148334921874e-03	2.471398468511982471e-01
2.742288206003057772e-03	2.478246561566265771e-01
2.754263263671192803e-03	2.485094654620548793e-01
2.766238321339328701e-03	2.491942747674831815e-01
2.778213379007464599e-03	2.498790840729115115e-01
2.790188436675600497e-03	2.505638933783398414e-01
2.802163494343734660e-03	2.512487026837680881e-01
2.814138552011871425e-03	2.519335119891964458e-01
2.826113609680006456e-03	2.526183212946247481e-01
2.838088667348142354e-03	2.533031306000530503e-01
2.850063725016278252e-03	2.539879399054814080e-01
2.862038782684413283e-03	2.546727492109096547e-01
2.874013840352549181e-03	2.553575585163380124e-01
2.885988898020685079e-03	2.560423678217663146e-01
2.897963955688820110e-03	2.567271771271946168e-01
2.909939013356956008e-03	2.574119864326229190e-01
2.921914071025091039e-03	2.580967957380512212e-01
2.933889128693227804e-03	2.587816050434795789e-01
2.945864186361362835e-03	2.594664143489078811e-01
2.957839244029498733e-03	2.601512236543361833e-01
2.969814301697633763e-03	2.608360329597644856e-01
2.981789359365769661e-03	2.615208422651927878e-01
2.993764417033905560e-03	2.622056515706211455e-01
3.005739474702040590e-03	2.628904608760493922e-01
3.017714532370176488e-03	2.635752701814777499e-01
3.029689590038312386e-03	2.642600794869060521e-01
3.041664647706447417e-03	2.649448887923343543e-01
3.053639705374584182e-03	2.656296980977627120e-01
3.065614763042718346e-03	2.663145074031909587e-01
3.077589820710855111e-03	2.669993167086193164e-01
3.089564878378990142e-03	2.676841260140476186e-01
3.101539936047126040e-03	2.683689353194759208e-01
3.113514993715261071e-03	2.690537446249042230e-01
3.125490051383396969e-03	2.697385539303325253e-01
3.137465109051532867e-03	2.704233632357608830e-01
3.149440166719667897e-03	2.711081725411891297e-01
3.161415224387803796e-03	2.717929818466174874e-01
3.173390282055939694e-03	2.724777911520457896e-01
3.185365339724074724e-03	2.731626004574740918e-01
3.197340397392211490e-03	2.738474097629024495e-01
3.209315455060345653e-03	2.745322190683306962e-01
3.221290512728482418e-03	2.752170283737590539e-01
3.233265570396617449e-03	2.759018376791873561e-01
3.245240628064753347e-03	2.765866469846156583e-01
3.257215685732889245e-03	2.772714562900440161e-01
3.269190743401024276e-03	2.779562655954722628e-01
3.281165801069160174e-03	2.786410749009006205e-01
3.293140858737296072e-03	2.793258842063289227e-01
3.305115916405431103e-03	2.800106935117572249e-01
3.317090974073567001e-03	2.806955028171855271e-01
3.329066031741702032e-03	2.813803121226138293e-01
3.341041089409838797e-03	2.820651214280421870e-01
3.353016147077972960e-03	2.827499307334704337e-01
3.364991204746109726e-03	2.834347400388987914e-01
3.376966262414244756e-03	2.841195493443270936e-01
3.388941320082380654e-03	2.848043586497553958e-01
3.400916377750516553e-03	2.854891679551837536e-01
3.412891435418651583e-03	2.861739772606120003e-01
3.424866493086787481e-03	2.868587865660403580e-01
3.436841550754923379e-03	2.875435958714686602e-01
3.448816608423058410e-03	2.882284051768969624e-01
3.460791666091194308e-03	2.889132144823252646e-01
3.472766723759329339e-03	2.895980237877535668e-01
3.484741781427466104e-03	2.902828330931819245e-01
3.496716839095601135e-03	2.909676423986102267e-01
3.508691896763737033e-03	2.916524517040385289e-01
3.520666954431872064e-03	2.923372610094668311e-01
3.532642012100007962e-03	2.930220703148951333e-01
3.544617069768144727e-03	2.937068796203234911e-01
3.556592127436278891e-03	2.943916889257517377e-01
3.568567185104415656e-03	2.950764982311800955e-01
3.580542242772550687e-03	2.957613075366083977e-01
3.592517300440685717e-03	2.964461168420366999e-01
3.604492358108822483e-03	2.971309261474650576e-01
3.616467415776956646e-03	2.978157354528933043e-01
3.628442473445093411e-03	2.985005447583216620e-01
3.640417531113229310e-03	2.991853540637499642e-01
3.652392588781364340e-03	2.998701633691782664e-01
3.664367646449500238e-03	3.005549726746065686e-01
3.676342704117635269e-03	3.012397819800348708e-01
3.688317761785772034e-03	3.019245912854632286e-01
3.700292819453906198e-03	3.026094005908914752e-01
3.712267877122042963e-03	3.032942098963198330e-01
3.724242934790177994e-03	3.039790192017481352e-01
3.736217992458313892e-03	3.046638285071764374e-01
3.748193050126449790e-03	3.053486378126047951e-01
3.760168107794584821e-03	3.060334471180330418e-01
3.772143165462720719e-03	3.067182564234613995e-01
3.784118223130856617e-03	3.074030657288897017e-01
3.796093280798991648e-03	3.080878750343180039e-01
3.808068338467128413e-03	3.087726843397463616e-01
3.820043396135262576e-03	3.094574936451746083e-01
3.832018453803399342e-03	3.101423029506029660e-01
3.843993511471534372e-03	3.108271122560312683e-01
3.855968569139670270e-03	3.115119215614595705e-01
3.867943626807805301e-03	3.121967308668878727e-01
3.879918684475941199e-03	3.128815401723161749e-01
3.891893742144077097e-03	3.135663494777445326e-01
3.903868799812212128e-03	3.142511587831727793e-01
3.915843857480347592e-03	3.149359680886011370e-01
3.927818915148484358e-03	3.156207773940294392e-01
3.939793972816619388e-03	3.163055866994577414e-01
3.951769030484756154e-03	3.169903960048860991e-01
3.963744088152889450e-03	3.176752053103143458e-01
3.975719145821026215e-03	3.183600146157427035e-01
3.987694203489161246e-03	3.190448239211710058e-01
3.999669261157298011e-03	3.197296332265993080e-01
4.011644318825433042e-03	3.204144425320276102e-01
4.023619376493568073e-03	3.210992518374559124e-01
4.035594434161704838e-03	3.217840611428842701e-01
4.047569491829839869e-03	3.224688704483125723e-01
4.059544549497974900e-03	3.231536797537408745e-01
4.071519607166111665e-03	3.238384890591691767e-01
4.083494664834246696e-03	3.245232983645974789e-01
4.095469722502383461e-03	3.252081076700258366e-01
4.107444780170516757e-03	3.258929169754540833e-01
4.119419837838653523e-03	3.265777262808824410e-01
4.131394895506788553e-03	3.272625355863107433e-01
4.143369953174925319e-03	3.279473448917390455e-01
4.155345010843060349e-03	3.286321541971674032e-01
4.167320068511195380e-03	3.293169635025956499e-01
4.179295126179332145e-03	3.300017728080240076e-01
4.191270183847467176e-03	3.306865821134523098e-01
4.203245241515602207e-03	3.313713914188806120e-01
4.215220299183738972e-03	3.320562007243089142e-01
4.227195356851874003e-03	3.327410100297372164e-01
4.239170414520010768e-03	3.334258193351655741e-01
4.251145472188144064e-03	3.341106286405938208e-01
4.263120529856280830e-03	3.347954379460221785e-01
4.275095587524415860e-03	3.354802472514504807e-01
4.287070645192552626e-03	3.361650565568787830e-01
4.299045702860687657e-03	3.368498658623071407e-01
4.311020760528822687e-03	3.375346751677353874e-01
4.322995818196959453e-03	3.382194844731637451e-01
4.334970875865094483e-03	3.389042937785920473e-01
4.346945933533229514e-03	3.395891030840203495e-01
4.358920991201366280e-03	3.402739123894487072e-01
4.370896048869501310e-03	3.409587216948769539e-01
4.382871106537638076e-03	3.416435310003053116e-01
4.394846164205773106e-03	3.423283403057336138e-01
4.406821221873908137e-03	3.430131496111619160e-01
4.418796279542043168e-03	3.436979589165902182e-01
4.430771337210179933e-03	3.443827682220185205e-01
4.442746394878314964e-03	3.450675775274468227e-01
4.454721452546451729e-03	3.457523868328751804e-01
4.466696510214586760e-03	3.464371961383034826e-01
4.478671567882721791e-03	3.471220054437317848e-01
4.490646625550856821e-03	3.478068147491600870e-01
4.502621683218993587e-03	3.484916240545883892e-01
4.514596740887130352e-03	3.491764333600167469e-01
4.526571798555265383e-03	3.498612426654450491e-01
4.538546856223400414e-03	3.505460519708733513e-01
4.550521913891535444e-03	3.512308612763016535e-01
4.562496971559670475e-03	3.519156705817299557e-01
4.574472029227807240e-03	3.526004798871582580e-01
4.586447086895944006e-03	3.532852891925866157e-01
4.598422144564079037e-03	3.539700984980149179e-01
4.610397202232214067e-03	3.546549078034432201e-01
4.622372259900349098e-03	3.553397171088715223e-01
4.634347317568485863e-03	3.560245264142998245e-01
4.646322375236620894e-03	3.567093357197281267e-01
4.658297432904757659e-03	3.573941450251564844e-01
4.670272490572892690e-03	3.580789543305847866e-01
4.682247548241027721e-03	3.587637636360130888e-01
4.694222605909162752e-03	3.594485729414413910e-01
4.706197663577299517e-03	3.601333822468696932e-01
4.718172721245434548e-03	3.608181915522979955e-01
4.730147778913571313e-03	3.615030008577263532e-01
4.742122836581706344e-03	3.621878101631546554e-01
4.754097894249841375e-03	3.628726194685829576e-01
4.766072951917976405e-03	3.635574287740112598e-01
4.778048009586113171e-03	3.642422380794395620e-01
4.790023067254248201e-03	3.649270473848679197e-01
4.801998124922384967e-03	3.656118566902962219e-01
4.813973182590519997e-03	3.662966659957245241e-01
4.825948240258655028e-03	3.669814753011528263e-01
4.837923297926790059e-03	3.676662846065811285e-01
4.849898355594926824e-03	3.683510939120094307e-01
4.861873413263061855e-03	3.690359032174377885e-01
4.873848470931198620e-03	3.697207125228660907e-01
4.885823528599333651e-03	3.704055218282943929e-01
4.897798586267468682e-03	3.710903311337226951e-01
4.909773643935603712e-03	3.717751404391509973e-01
4.921748701603740478e-03	3.724599497445792995e-01
4.933723759271875509e-03	3.731447590500076572e-01
4.945698816940012274e-03	3.738295683554359594e-01
4.957673874608147305e-03	3.745143776608642616e-01
4.969648932276282335e-03	3.751991869662925638e-01
4.981623989944417366e-03	3.758839962717208660e-01
4.993599047612554132e-03	3.765688055771491682e-01
5.005574105280689162e-03	3.772536148825775260e-01
5.017549162948825928e-03	3.779384241880058282e-01
5.029524220616960958e-03	3.786232334934341304e-01
5.041499278285095989e-03	3.793080427988624326e-01
5.053474335953231020e-03	3.799928521042907348e-01
5.065449393621367785e-03	3.806776614097190925e-01
5.077424451289502816e-03	3.813624707151473947e-01
5.089399508957639581e-03	3.820472800205756969e-01
5.101374566625774612e-03	3.827320893260039991e-01
5.113349624293909643e-03	3.834168986314323013e-01
5.125324681962044673e-03	3.841017079368606035e-01
5.137299739630181439e-03	3.847865172422889612e-01
5.149274797298316469e-03	3.854713265477172635e-01
5.161249854966453235e-03	3.861561358531455657e-01
5.173224912634588266e-03	3.868409451585738679e-01
5.185199970302723296e-03	3.875257544640021701e-01
5.197175027970858327e-03	3.882105637694304723e-01
5.209150085638995092e-03	3.888953730748588300e-01
5.221125143307130123e-03	3.895801823802871322e-01
5.233100200975266889e-03	3.902649916857154344e-01
5.245075258643401919e-03	3.909498009911437366e-01
5.257050316311536950e-03	3.916346102965720388e-01
5.269025373979671981e-03	3.923194196020003410e-01
5.281000431647808746e-03	3.930042289074286987e-01
5.292975489315943777e-03	3.936890382128570010e-01
5.304950546984080542e-03	3.943738475182853032e-01
5.316925604652215573e-03	3.950586568237136054e-01
5.328900662320350604e-03	3.957434661291419076e-01
5.340875719988487369e-03	3.964282754345702653e-01
5.352850777656622400e-03	3.971130847399985675e-01
5.364825835324757430e-03	3.977978940454268697e-01
5.376800892992894196e-03	3.984827033508551719e-01
5.388775950661029226e-03	3.991675126562834741e-01
5.400751008329164257e-03	3.998523219617117763e-01
5.412726065997301023e-03	4.005371312671401340e-01
5.424701123665436053e-03	4.012219405725684362e-01
5.436676181333571084e-03	4.019067498779967385e-01
5.448651239001707849e-03	4.025915591834250407e-01
5.460626296669842880e-03	4.032763684888533429e-01
5.472601354337977911e-03	4.039611777942816451e-01
5.484576412006114676e-03	4.046459870997100028e-01
5.496551469674249707e-03	4.053307964051383050e-01
5.508526527342386472e-03	4.060156057105666072e-01
5.520501585010521503e-03	4.067004150159949094e-01
5.532476642678656534e-03	4.073852243214232116e-01
5.544451700346791564e-03	4.080700336268515138e-01
5.556426758014928330e-03	4.087548429322798715e-01
5.568401815683063361e-03	4.094396522377081737e-01
5.580376873351200126e-03	4.101244615431364759e-01
5.592351931019335157e-03	4.108092708485647782e-01
5.604326988687470187e-03	4.114940801539930804e-01
5.616302046355606953e-03	4.121788894594214381e-01
5.628277104023741984e-03	4.128636987648497403e-01
5.640252161691877014e-03	4.135485080702780425e-01
5.652227219360013780e-03	4.142333173757063447e-01
5.664202277028148810e-03	4.149181266811346469e-01
5.676177334696283841e-03	4.156029359865629491e-01
5.688152392364420606e-03	4.162877452919913068e-01
5.700127450032555637e-03	4.169725545974196090e-01
5.712102507700690668e-03	4.176573639028479112e-01
5.724077565368827433e-03	4.183421732082762134e-01
5.736052623036962464e-03	4.190269825137045157e-01
5.748027680705097495e-03	4.197117918191328179e-01
5.760002738373234260e-03	4.203966011245611756e-01
5.771977796041369291e-03	4.210814104299894778e-01
5.783952853709504321e-03	4.217662197354177800e-01
5.795927911377641087e-03	4.224510290408460822e-01
5.807902969045776118e-03	4.231358383462743844e-01
5.819878026713911148e-03	4.238206476517026866e-01
5.831853084382047914e-03	4.245054569571310443e-01
5.843828142050182944e-03	4.251902662625593465e-01
5.855803199718317975e-03	4.258750755679876487e-01
5.867778257386454741e-03	4.265598848734159509e-01
5.879753315054589771e-03	4.272446941788442532e-01
5.891728372722726537e-03	4.279295034842726109e-01
5.903703430390861567e-03	4.286143127897009131e-01
5.915678488058996598e-03	4.292991220951292153e-01
5.927653545727131629e-03	4.299839314005575175e-01
5.939628603395268394e-03	4.306687407059858197e-01
5.951603661063403425e-03	4.313535500114141219e-01
5.963578718731540190e-03	4.320383593168424796e-01
5.975553776399675221e-03	4.327231686222707818e-01
