x	 y
4.180380321104257973e-02	0.000000000000000000e+00
4.300325942148567476e-02	9.524947432385617516e-05
4.420271563192876979e-02	1.904989486477123503e-04
4.540217184237186482e-02	2.857484229715685255e-04
4.660162805281495985e-02	3.809978972954247006e-04
4.780108426325806181e-02	4.762473716192817431e-04
4.900054047370115684e-02	5.714968459431379183e-04
5.019999668414425187e-02	6.667463202669940935e-04
5.139945289458734690e-02	7.619957945908507023e-04
5.259890910503044192e-02	8.572452689147064438e-04
5.379836531547353695e-02	9.524947432385630526e-04
5.499782152591663198e-02	1.047744217562418794e-03
5.619727773635972701e-02	1.142993691886275403e-03
5.739673394680282204e-02	1.238243166210132012e-03
5.859619015724591706e-02	1.333492640533987753e-03
5.979564636768901209e-02	1.428742114857844362e-03
6.099510257813210712e-02	1.523991589181700104e-03
6.219455878857520215e-02	1.619241063505556712e-03
6.339401499901829717e-02	1.714490537829413321e-03
6.459347120946140608e-02	1.809740012153269930e-03
6.579292741990450111e-02	1.904989486477126539e-03
6.699238363034759614e-02	2.000238960800983148e-03
6.819183984079069116e-02	2.095488435124838889e-03
6.939129605123378619e-02	2.190737909448695498e-03
7.059075226167688122e-02	2.285987383772551240e-03
7.179020847211997625e-02	2.381236858096407848e-03
7.298966468256307127e-02	2.476486332420264457e-03
7.418912089300616630e-02	2.571735806744120199e-03
7.538857710344926133e-02	2.666985281067976808e-03
7.658803331389235636e-02	2.762234755391832549e-03
7.778748952433545139e-02	2.857484229715689158e-03
7.898694573477854641e-02	2.952733704039544899e-03
8.018640194522164144e-02	3.047983178363401508e-03
8.138585815566473647e-02	3.143232652687258117e-03
8.258531436610783150e-02	3.238482127011113858e-03
8.378477057655092652e-02	3.333731601334970467e-03
8.498422678699402155e-02	3.428981075658826209e-03
8.618368299743711658e-02	3.524230549982682818e-03
8.738313920788021161e-02	3.619480024306539426e-03
8.858259541832330664e-02	3.714729498630395168e-03
8.978205162876640166e-02	3.809978972954251777e-03
9.098150783920949669e-02	3.905228447278107518e-03
9.218096404965259172e-02	4.000477921601963693e-03
9.338042026009568675e-02	4.095727395925820302e-03
9.457987647053878177e-02	4.190976870249676911e-03
9.577933268098187680e-02	4.286226344573533520e-03
9.697878889142497183e-02	4.381475818897388394e-03
9.817824510186806686e-02	4.476725293221245003e-03
9.937770131231116189e-02	4.571974767545101612e-03
1.005771575227542708e-01	4.667224241868958221e-03
1.017766137331973658e-01	4.762473716192814829e-03
1.029760699436404608e-01	4.857723190516671438e-03
1.041755261540835559e-01	4.952972664840528047e-03
1.053749823645266370e-01	5.048222139164382921e-03
1.065744385749697598e-01	5.143471613488241265e-03
1.077738947854128548e-01	5.238721087812097874e-03
1.089733509958559499e-01	5.333970562135952748e-03
1.101728072062990449e-01	5.429220036459809356e-03
1.113722634167421399e-01	5.524469510783665965e-03
1.125717196271852349e-01	5.619718985107522574e-03
1.137711758376283300e-01	5.714968459431379183e-03
1.149706320480714250e-01	5.810217933755234057e-03
1.161700882585145200e-01	5.905467408079090666e-03
1.173695444689576151e-01	6.000716882402947275e-03
1.185690006794007101e-01	6.095966356726803884e-03
1.197684568898438051e-01	6.191215831050660492e-03
1.209679131002869001e-01	6.286465305374515367e-03
1.221673693107299952e-01	6.381714779698371975e-03
1.233668255211730902e-01	6.476964254022228584e-03
1.245662817316161852e-01	6.572213728346085193e-03
1.257657379420592803e-01	6.667463202669941802e-03
1.269651941525023753e-01	6.762712676993796676e-03
1.281646503629454703e-01	6.857962151317653285e-03
1.293641065733885653e-01	6.953211625641509894e-03
1.305635627838316604e-01	7.048461099965366503e-03
1.317630189942747554e-01	7.143710574289221377e-03
1.329624752047178504e-01	7.238960048613077986e-03
1.341619314151609454e-01	7.334209522936934594e-03
1.353613876256040405e-01	7.429458997260791203e-03
1.365608438360471355e-01	7.524708471584647812e-03
1.377603000464902305e-01	7.619957945908502686e-03
1.389597562569333256e-01	7.715207420232359295e-03
1.401592124673764206e-01	7.810456894556215904e-03
1.413586686778195156e-01	7.905706368880072513e-03
1.425581248882626106e-01	8.000955843203929121e-03
1.437575810987057057e-01	8.096205317527783996e-03
1.449570373091488007e-01	8.191454791851640604e-03
1.461564935195918957e-01	8.286704266175497213e-03
1.473559497300349908e-01	8.381953740499353822e-03
1.485554059404780858e-01	8.477203214823210431e-03
1.497548621509211808e-01	8.572452689147065305e-03
1.509543183613642758e-01	8.667702163470921914e-03
1.521537745718073709e-01	8.762951637794778523e-03
1.533532307822504659e-01	8.858201112118635132e-03
1.545526869926935609e-01	8.953450586442491740e-03
1.557521432031366559e-01	9.048700060766346615e-03
1.569515994135797510e-01	9.143949535090203223e-03
1.581510556240228738e-01	9.239199009414061567e-03
1.593505118344659688e-01	9.334448483737918176e-03
1.605499680449090361e-01	9.429697958061773050e-03
