x	 y
9.293078136208936246e-02	0.000000000000000000e+00
9.674219457880309236e-02	5.181979049455050050e-05
1.005536077955168361e-01	1.036395809891012178e-04
1.043650210122305660e-01	1.554593714836517183e-04
1.081764342289443098e-01	2.072791619782024357e-04
1.119878474456580397e-01	2.590989524727529362e-04
1.157992606623717835e-01	3.109187429673036535e-04
1.196106738790855134e-01	3.627385334618543709e-04
1.234220870957992433e-01	4.145583239564048714e-04
1.272335003125129871e-01	4.663781144509555887e-04
1.310449135292267309e-01	5.181979049455063061e-04
1.348563267459404469e-01	5.700176954400565897e-04
1.386677399626541907e-01	6.218374859346073071e-04
1.424791531793679344e-01	6.736572764291580244e-04
1.462905663960816782e-01	7.254770669237085249e-04
1.501019796127953942e-01	7.772968574182588086e-04
1.539133928295091380e-01	8.291166479128095259e-04
1.577248060462228541e-01	8.809364384073598096e-04
1.615362192629365978e-01	9.327562289019105269e-04
1.653476324796503416e-01	9.845760193964612442e-04
1.691590456963640854e-01	1.036395809891011962e-03
1.729704589130778292e-01	1.088215600385562679e-03
1.767818721297915729e-01	1.140035390880113396e-03
1.805932853465052890e-01	1.191855181374663680e-03
1.844046985632190050e-01	1.243674971869214397e-03
1.882161117799327488e-01	1.295494762363765115e-03
1.920275249966464925e-01	1.347314552858315832e-03
1.958389382133602363e-01	1.399134343352866549e-03
1.996503514300739801e-01	1.450954133847416833e-03
2.034617646467877239e-01	1.502773924341967550e-03
2.072731778635014399e-01	1.554593714836518268e-03
2.110845910802151837e-01	1.606413505331068985e-03
2.148960042969288997e-01	1.658233295825619269e-03
2.187074175136426435e-01	1.710053086320169986e-03
2.225188307303563873e-01	1.761872876814720703e-03
2.263302439470701310e-01	1.813692667309271421e-03
2.301416571637838748e-01	1.865512457803822138e-03
2.339530703804976186e-01	1.917332248298372855e-03
2.377644835972113069e-01	1.969152038792922922e-03
2.415758968139250507e-01	2.020971829287473640e-03
2.453873100306387944e-01	2.072791619782024357e-03
2.491987232473525382e-01	2.124611410276575074e-03
2.530101364640662820e-01	2.176431200771125792e-03
2.568215496807800258e-01	2.228250991265676509e-03
2.606329628974937695e-01	2.280070781760227226e-03
2.644443761142074578e-01	2.331890572254777076e-03
2.682557893309212016e-01	2.383710362749327794e-03
2.720672025476349454e-01	2.435530153243878511e-03
2.758786157643486892e-01	2.487349943738429228e-03
2.796900289810624329e-01	2.539169734232979946e-03
2.835014421977761767e-01	2.590989524727530663e-03
2.873128554144899205e-01	2.642809315222080513e-03
2.911242686312036088e-01	2.694629105716630363e-03
2.949356818479173525e-01	2.746448896211181080e-03
2.987470950646310963e-01	2.798268686705731798e-03
3.025585082813448401e-01	2.850088477200282515e-03
3.063699214980585839e-01	2.901908267694833232e-03
3.101813347147723277e-01	2.953728058189383950e-03
3.139927479314860714e-01	3.005547848683934667e-03
3.178041611481997597e-01	3.057367639178485384e-03
3.216155743649135035e-01	3.109187429673036102e-03
3.254269875816272473e-01	3.161007220167585952e-03
3.292384007983409910e-01	3.212827010662136669e-03
3.330498140150547348e-01	3.264646801156687386e-03
3.368612272317684786e-01	3.316466591651238104e-03
3.406726404484822224e-01	3.368286382145788821e-03
3.444840536651959662e-01	3.420106172640339538e-03
3.482954668819097099e-01	3.471925963134890256e-03
3.521068800986233982e-01	3.523745753629440973e-03
3.559182933153371420e-01	3.575565544123991690e-03
3.597297065320508858e-01	3.627385334618542408e-03
3.635411197487646295e-01	3.679205125113093125e-03
3.673525329654783733e-01	3.731024915607642975e-03
3.711639461821921171e-01	3.782844706102193692e-03
3.749753593989058609e-01	3.834664496596744410e-03
3.787867726156195491e-01	3.886484287091295127e-03
3.825981858323332929e-01	3.938304077585845844e-03
3.864095990490470367e-01	3.990123868080396562e-03
3.902210122657607805e-01	4.041943658574947279e-03
3.940324254824745243e-01	4.093763449069497996e-03
3.978438386991882680e-01	4.145583239564048714e-03
4.016552519159020118e-01	4.197403030058599431e-03
4.054666651326157001e-01	4.249222820553149281e-03
4.092780783493294439e-01	4.301042611047699998e-03
4.130894915660431876e-01	4.352862401542250716e-03
4.169009047827569314e-01	4.404682192036801433e-03
4.207123179994706752e-01	4.456501982531352150e-03
4.245237312161844190e-01	4.508321773025902868e-03
4.283351444328981628e-01	4.560141563520453585e-03
4.321465576496118510e-01	4.611961354015003435e-03
4.359579708663255948e-01	4.663781144509554152e-03
4.397693840830393386e-01	4.715600935004104870e-03
4.435807972997530824e-01	4.767420725498655587e-03
4.473922105164668261e-01	4.819240515993206304e-03
4.512036237331805699e-01	4.871060306487757022e-03
4.550150369498943137e-01	4.922880096982307739e-03
4.588264501666080020e-01	4.974699887476857589e-03
4.626378633833217457e-01	5.026519677971408306e-03
4.664492766000354895e-01	5.078339468465959024e-03
4.702606898167492333e-01	5.130159258960509741e-03
