x	 y
8.894019285647004891e-02	0.000000000000000000e+00
9.386486823792555834e-02	7.016999416845429161e-05
9.878954361938106776e-02	1.403399883369085832e-04
1.037142190008365772e-01	2.105099825053628748e-04
1.086388943822920866e-01	2.806799766738169496e-04
1.135635697637475960e-01	3.508499708422712412e-04
1.184882451452030916e-01	4.210199650107253160e-04
1.234129205266586149e-01	4.911899591791798244e-04
1.283375959081141104e-01	5.613599533476338992e-04
1.332622712895696337e-01	6.315299475160884076e-04
1.381869466710251293e-01	7.016999416845424824e-04
1.431116220524806526e-01	7.718699358529967740e-04
1.480362974339361481e-01	8.420399300214510656e-04
1.529609728153916715e-01	9.122099241899053572e-04
1.578856481968471670e-01	9.823799183583592151e-04
1.628103235783026626e-01	1.052549912526813507e-03
1.677349989597581859e-01	1.122719906695267798e-03
1.726596743412137092e-01	1.192889900863722524e-03
1.775843497226692047e-01	1.263059895032176382e-03
1.825090251041247003e-01	1.333229889200630239e-03
1.874337004855802236e-01	1.403399883369084965e-03
1.923583758670357469e-01	1.473569877537539256e-03
1.972830512484912424e-01	1.543739871705993548e-03
2.022077266299467380e-01	1.613909865874447406e-03
2.071324020114022613e-01	1.684079860042901697e-03
2.120570773928577568e-01	1.754249854211355989e-03
2.169817527743132524e-01	1.824419848379809847e-03
2.219064281557687757e-01	1.894589842548264572e-03
2.268311035372242990e-01	1.964759836716718864e-03
2.317557789186798223e-01	2.034929830885173589e-03
2.366804543001352901e-01	2.105099825053627013e-03
2.416051296815908134e-01	2.175269819222081305e-03
2.465298050630463367e-01	2.245439813390536030e-03
2.514544804445018045e-01	2.315609807558989455e-03
2.563791558259573278e-01	2.385779801727444180e-03
2.613038312074128511e-01	2.455949795895898471e-03
2.662285065888683744e-01	2.526119790064352763e-03
2.711531819703238422e-01	2.596289784232806621e-03
2.760778573517793655e-01	2.666459778401260913e-03
2.810025327332348888e-01	2.736629772569715204e-03
2.859272081146904121e-01	2.806799766738170363e-03
2.908518834961458799e-01	2.876969760906623787e-03
2.957765588776014032e-01	2.947139755075078079e-03
3.007012342590569265e-01	3.017309749243532371e-03
3.056259096405124498e-01	3.087479743411986662e-03
3.105505850219679176e-01	3.157649737580440954e-03
3.154752604034234409e-01	3.227819731748895245e-03
3.203999357848789642e-01	3.297989725917349537e-03
3.253246111663344320e-01	3.368159720085802961e-03
3.302492865477899553e-01	3.438329714254257253e-03
3.351739619292454786e-01	3.508499708422712412e-03
3.400986373107009464e-01	3.578669702591165836e-03
3.450233126921564697e-01	3.648839696759620128e-03
3.499479880736119930e-01	3.719009690928074419e-03
3.548726634550675163e-01	3.789179685096528711e-03
3.597973388365229841e-01	3.859349679264983003e-03
3.647220142179785074e-01	3.929519673433436860e-03
3.696466895994340307e-01	3.999689667601891152e-03
3.745713649808895540e-01	4.069859661770345444e-03
3.794960403623450218e-01	4.140029655938799735e-03
3.844207157438005451e-01	4.210199650107254027e-03
3.893453911252560684e-01	4.280369644275708318e-03
3.942700665067115917e-01	4.350539638444162610e-03
3.991947418881670595e-01	4.420709632612616902e-03
4.041194172696225828e-01	4.490879626781071193e-03
4.090440926510781061e-01	4.561049620949525485e-03
4.139687680325335739e-01	4.631219615117979777e-03
4.188934434139890972e-01	4.701389609286434068e-03
4.238181187954446205e-01	4.771559603454888360e-03
4.287427941769001438e-01	4.841729597623342651e-03
4.336674695583556116e-01	4.911899591791796943e-03
4.385921449398111349e-01	4.982069585960251235e-03
4.435168203212666582e-01	5.052239580128705526e-03
4.484414957027221815e-01	5.122409574297159818e-03
4.533661710841776493e-01	5.192579568465614109e-03
4.582908464656331726e-01	5.262749562634068401e-03
4.632155218470886959e-01	5.332919556802522693e-03
4.681401972285442192e-01	5.403089550970976984e-03
4.730648726099996870e-01	5.473259545139429541e-03
4.779895479914552103e-01	5.543429539307885567e-03
4.829142233729107336e-01	5.613599533476339859e-03
4.878388987543662014e-01	5.683769527644792416e-03
4.927635741358217247e-01	5.753939521813246707e-03
4.976882495172772480e-01	5.824109515981700999e-03
5.026129248987327713e-01	5.894279510150157025e-03
5.075376002801882391e-01	5.964449504318609582e-03
5.124622756616438179e-01	6.034619498487065609e-03
5.173869510430992857e-01	6.104789492655518165e-03
5.223116264245548646e-01	6.174959486823974192e-03
5.272363018060103323e-01	6.245129480992428483e-03
5.321609771874658001e-01	6.315299475160881040e-03
5.370856525689213790e-01	6.385469469329337067e-03
5.420103279503768468e-01	6.455639463497789624e-03
5.469350033318323145e-01	6.525809457666243915e-03
5.518596787132878934e-01	6.595979451834699941e-03
5.567843540947433612e-01	6.666149446003152498e-03
5.617090294761988289e-01	6.736319440171606790e-03
5.666337048576544078e-01	6.806489434340062816e-03
5.715583802391098756e-01	6.876659428508515373e-03
5.764830556205653433e-01	6.946829422676969665e-03
