x	 y
1.203616637629802283e-01	0.000000000000000000e+00
1.269859063391406695e-01	1.098382471792923483e-04
1.336101489153011246e-01	2.196764943585851303e-04
1.402343914914615797e-01	3.295147415378779122e-04
1.468586340676220070e-01	4.393529887171702605e-04
1.534828766437824621e-01	5.491912358964626088e-04
1.601071192199429172e-01	6.590294830757553908e-04
1.667313617961033723e-01	7.688677302550481728e-04
1.733556043722638274e-01	8.787059774343409548e-04
1.799798469484242547e-01	9.885442246136333030e-04
1.866040895245847098e-01	1.098382471792925651e-03
1.932283321007451371e-01	1.208220718972218000e-03
1.998525746769055922e-01	1.318058966151510782e-03
2.064768172530660473e-01	1.427897213330803564e-03
2.131010598292265024e-01	1.537735460510096346e-03
2.197253024053869574e-01	1.647573707689388694e-03
2.263495449815474125e-01	1.757411954868681476e-03
2.329737875577078676e-01	1.867250202047974258e-03
2.395980301338682950e-01	1.977088449227266172e-03
2.462222727100287223e-01	2.086926696406558954e-03
2.528465152861891774e-01	2.196764943585851736e-03
2.594707578623496325e-01	2.306603190765144518e-03
2.660950004385100875e-01	2.416441437944437300e-03
2.727192430146705426e-01	2.526279685123729215e-03
2.793434855908309977e-01	2.636117932303021997e-03
2.859677281669914528e-01	2.745956179482314779e-03
2.925919707431519079e-01	2.855794426661607561e-03
2.992162133193123075e-01	2.965632673840899475e-03
3.058404558954727626e-01	3.075470921020192257e-03
3.124646984716332176e-01	3.185309168199485039e-03
3.190889410477936727e-01	3.295147415378777821e-03
3.257131836239541278e-01	3.404985662558070603e-03
3.323374262001145829e-01	3.514823909737363385e-03
3.389616687762750380e-01	3.624662156916656167e-03
3.455859113524354931e-01	3.734500404095948082e-03
3.522101539285958927e-01	3.844338651275239997e-03
3.588343965047563477e-01	3.954176898454533212e-03
3.654586390809168028e-01	4.064015145633825127e-03
3.720828816570772579e-01	4.173853392813118776e-03
3.787071242332377130e-01	4.283691639992410691e-03
3.853313668093981681e-01	4.393529887171704340e-03
3.919556093855586232e-01	4.503368134350996255e-03
3.985798519617190783e-01	4.613206381530289904e-03
4.052040945378795334e-01	4.723044628709581819e-03
4.118283371140399329e-01	4.832882875888873733e-03
4.184525796902003880e-01	4.942721123068165648e-03
4.250768222663608431e-01	5.052559370247459297e-03
4.317010648425212982e-01	5.162397617426751212e-03
4.383253074186817533e-01	5.272235864606044861e-03
4.449495499948422084e-01	5.382074111785336776e-03
4.515737925710026635e-01	5.491912358964630425e-03
4.581980351471631185e-01	5.601750606143922340e-03
4.648222777233235736e-01	5.711588853323215989e-03
4.714465202994839732e-01	5.821427100502507904e-03
4.780707628756444283e-01	5.931265347681799818e-03
4.846950054518048834e-01	6.041103594861093468e-03
4.913192480279653385e-01	6.150941842040385382e-03
4.979434906041257936e-01	6.260780089219679032e-03
5.045677331802862486e-01	6.370618336398970946e-03
5.111919757564467037e-01	6.480456583578264596e-03
5.178162183326070478e-01	6.590294830757554775e-03
5.244404609087675029e-01	6.700133077936846690e-03
5.310647034849279580e-01	6.809971325116140339e-03
5.376889460610884131e-01	6.919809572295432254e-03
5.443131886372488681e-01	7.029647819474725903e-03
5.509374312134093232e-01	7.139486066654017818e-03
5.575616737895697783e-01	7.249324313833311467e-03
5.641859163657302334e-01	7.359162561012603382e-03
5.708101589418906885e-01	7.469000808191897031e-03
5.774344015180511436e-01	7.578839055371188946e-03
5.840586440942115987e-01	7.688677302550482595e-03
5.906828866703720538e-01	7.798515549729774510e-03
5.973071292465325088e-01	7.908353796909066424e-03
6.039313718226929639e-01	8.018192044088360074e-03
6.105556143988534190e-01	8.128030291267651988e-03
6.171798569750138741e-01	8.237868538446945638e-03
6.238040995511742182e-01	8.347706785626235818e-03
6.304283421273346733e-01	8.457545032805529467e-03
6.370525847034951283e-01	8.567383279984821381e-03
6.436768272796555834e-01	8.677221527164115031e-03
6.503010698558160385e-01	8.787059774343406945e-03
6.569253124319764936e-01	8.896898021522698860e-03
6.635495550081369487e-01	9.006736268701992509e-03
6.701737975842974038e-01	9.116574515881284424e-03
6.767980401604578589e-01	9.226412763060578073e-03
6.834222827366183139e-01	9.336251010239869988e-03
6.900465253127787690e-01	9.446089257419163637e-03
6.966707678889392241e-01	9.555927504598455552e-03
7.032950104650995682e-01	9.665765751777747466e-03
7.099192530412600233e-01	9.775603998957039381e-03
7.165434956174204784e-01	9.885442246136333030e-03
7.231677381935809334e-01	9.995280493315624945e-03
7.297919807697413885e-01	1.010511874049491686e-02
7.364162233459018436e-01	1.021495698767421051e-02
7.430404659220622987e-01	1.032479523485350242e-02
7.496647084982227538e-01	1.043463348203279607e-02
7.562889510743832089e-01	1.054447172921208799e-02
7.629131936505436640e-01	1.065430997639138164e-02
7.695374362267041191e-01	1.076414822357067355e-02
7.761616788028645741e-01	1.087398647074996720e-02
