x	 y
8.179108854401507048e-03	0.000000000000000000e+00
1.037127916248382214e-02	1.358788095915304279e-05
1.256344947056613898e-02	2.717576191830609912e-05
1.475561977864845581e-02	4.076364287745915546e-05
1.694779008673077264e-02	5.435152383661221180e-05
1.913996039481308947e-02	6.793940479576526814e-05
2.133213070289540284e-02	8.152728575491828382e-05
2.352430101097771620e-02	9.511516671407134016e-05
2.571647131906003303e-02	1.087030476732243694e-04
2.790864162714234986e-02	1.222909286323774257e-04
3.010081193522466669e-02	1.358788095915304821e-04
3.229298224330698353e-02	1.494666905506835384e-04
3.448515255138930036e-02	1.630545715098365947e-04
3.667732285947161719e-02	1.766424524689896511e-04
3.886949316755392708e-02	1.902303334281426803e-04
4.106166347563624391e-02	2.038182143872957367e-04
4.325383378371856075e-02	2.174060953464487659e-04
4.544600409180087758e-02	2.309939763056018493e-04
4.763817439988319441e-02	2.445818572647548515e-04
4.983034470796551124e-02	2.581697382239079349e-04
5.202251501604782807e-02	2.717576191830610183e-04
5.421468532413013797e-02	2.853455001422139934e-04
5.640685563221245480e-02	2.989333811013670768e-04
5.859902594029477163e-02	3.125212620605201603e-04
6.079119624837708846e-02	3.261091430196731353e-04
6.298336655645940529e-02	3.396970239788262187e-04
6.517553686454172213e-02	3.532849049379793022e-04
6.736770717262403896e-02	3.668727858971323856e-04
6.955987748070635579e-02	3.804606668562853606e-04
7.175204778878867262e-02	3.940485478154384441e-04
7.394421809687098945e-02	4.076364287745915275e-04
7.613638840495330629e-02	4.212243097337445025e-04
7.832855871303562312e-02	4.348121906928975860e-04
8.052072902111793995e-02	4.484000716520506694e-04
8.271289932920025678e-02	4.619879526112036444e-04
8.490506963728257361e-02	4.755758335703567279e-04
8.709723994536489045e-02	4.891637145295098113e-04
8.928941025344720728e-02	5.027515954886628948e-04
9.148158056152952411e-02	5.163394764478158698e-04
9.367375086961184094e-02	5.299273574069689532e-04
9.586592117769415777e-02	5.435152383661220367e-04
9.805809148577646073e-02	5.571031193252750117e-04
1.002502617938587776e-01	5.706910002844279867e-04
1.024424321019410944e-01	5.842788812435810702e-04
1.046346024100234112e-01	5.978667622027341536e-04
1.068267727181057281e-01	6.114546431618872371e-04
1.090189430261880449e-01	6.250425241210402121e-04
1.112111133342703617e-01	6.386304050801932955e-04
1.134032836423526786e-01	6.522182860393463790e-04
1.155954539504349954e-01	6.658061669984994624e-04
1.177876242585173122e-01	6.793940479576524374e-04
1.199797945665996290e-01	6.929819289168055209e-04
1.221719648746819459e-01	7.065698098759586043e-04
1.243641351827642627e-01	7.201576908351116878e-04
1.265563054908465657e-01	7.337455717942645544e-04
1.287484757989288964e-01	7.473334527534177462e-04
1.309406461070111993e-01	7.609213337125707213e-04
1.331328164150935023e-01	7.745092146717236963e-04
1.353249867231758330e-01	7.880970956308767797e-04
1.375171570312581637e-01	8.016849765900299716e-04
1.397093273393404667e-01	8.152728575491829466e-04
1.419014976474227974e-01	8.288607385083360301e-04
1.440936679555051003e-01	8.424486194674890051e-04
1.462858382635874310e-01	8.560365004266421969e-04
1.484780085716697340e-01	8.696243813857951720e-04
1.506701788797520369e-01	8.832122623449481470e-04
1.528623491878343676e-01	8.968001433041012304e-04
1.550545194959166706e-01	9.103880242632542055e-04
1.572466898039990013e-01	9.239759052224073973e-04
1.594388601120813043e-01	9.375637861815603723e-04
1.616310304201636350e-01	9.511516671407134558e-04
1.638232007282459379e-01	9.647395480998665392e-04
1.660153710363282686e-01	9.783274290590196227e-04
1.682075413444105716e-01	9.919153100181724893e-04
1.703997116524929023e-01	1.005503190977325790e-03
1.725918819605752053e-01	1.019091071936478656e-03
1.747840522686575360e-01	1.032678952895631740e-03
1.769762225767398389e-01	1.046266833854784823e-03
1.791683928848221696e-01	1.059854714813937906e-03
1.813605631929044726e-01	1.073442595773090990e-03
1.835527335009868033e-01	1.087030476732244073e-03
1.857449038090691062e-01	1.100618357691396940e-03
1.879370741171514092e-01	1.114206238650550023e-03
1.901292444252337399e-01	1.127794119609703107e-03
1.923214147333160429e-01	1.141382000568855973e-03
1.945135850413983736e-01	1.154969881528009274e-03
1.967057553494806765e-01	1.168557762487162140e-03
1.988979256575630072e-01	1.182145643446315224e-03
2.010900959656453102e-01	1.195733524405468307e-03
2.032822662737276409e-01	1.209321405364621391e-03
2.054744365818099439e-01	1.222909286323774474e-03
2.076666068898922746e-01	1.236497167282927558e-03
2.098587771979745775e-01	1.250085048242080424e-03
2.120509475060569082e-01	1.263672929201233724e-03
2.142431178141392112e-01	1.277260810160386591e-03
2.164352881222215419e-01	1.290848691119539675e-03
2.186274584303038448e-01	1.304436572078692758e-03
2.208196287383861478e-01	1.318024453037845625e-03
2.230117990464684785e-01	1.331612333996998925e-03
2.252039693545508092e-01	1.345200214956152008e-03
