D	q
0.000000000000000000e+00	4.962436092491400580e-02
5.246230958073504376e-06	5.006928204817939765e-02
1.049246191614700875e-05	5.051420317144478950e-02
1.573869287422051313e-05	5.095912429471018135e-02
2.098492383229412592e-05	5.140404541797558013e-02
2.623115479036763030e-05	5.184896654124097198e-02
3.147738574844113468e-05	5.229388766450636383e-02
3.672361670651463905e-05	5.273880878777175568e-02
4.196984766458825185e-05	5.318372991103714753e-02
4.721607862266175622e-05	5.362865103430254632e-02
5.246230958073536902e-05	5.407357215756793817e-02
5.770854053880887340e-05	5.451849328083333002e-02
6.295477149688237777e-05	5.496341440409872187e-02
6.820100245495588215e-05	5.540833552736411372e-02
7.344723341302938652e-05	5.585325665062950556e-02
7.869346437110299932e-05	5.629817777389490435e-02
8.393969532917650370e-05	5.674309889716029620e-02
8.918592628725000807e-05	5.718802002042568805e-02
9.443215724532351245e-05	5.763294114369107990e-02
9.967838820339701682e-05	5.807786226695647175e-02
1.049246191614705212e-04	5.852278339022186360e-02
1.101708501195441340e-04	5.896770451348726239e-02
1.154170810776176384e-04	5.941262563675265423e-02
1.206633120356911427e-04	5.985754676001804608e-02
1.259095429937647555e-04	6.030246788328343793e-02
1.311557739518382599e-04	6.074738900654882978e-02
1.364020049099118727e-04	6.119231012981422857e-02
1.416482358679853771e-04	6.163723125307962042e-02
1.468944668260588815e-04	6.208215237634501227e-02
1.521406977841322774e-04	6.252707349961039718e-02
1.573869287422058902e-04	6.297199462287579597e-02
1.626331597002795030e-04	6.341691574614119475e-02
1.678793906583528990e-04	6.386183686940657966e-02
1.731256216164265118e-04	6.430675799267197845e-02
1.783718525744999077e-04	6.475167911593736336e-02
1.836180835325735205e-04	6.519660023920276215e-02
1.888643144906470249e-04	6.564152136246814706e-02
1.941105454487206377e-04	6.608644248573354585e-02
1.993567764067941421e-04	6.653136360899894464e-02
2.046030073648676464e-04	6.697628473226432955e-02
2.098492383229412592e-04	6.742120585552972833e-02
2.150954692810148720e-04	6.786612697879512712e-02
2.203417002390882680e-04	6.831104810206051203e-02
2.255879311971618808e-04	6.875596922532591082e-02
2.308341621552352767e-04	6.920089034859129573e-02
2.360803931133088895e-04	6.964581147185669452e-02
2.413266240713822855e-04	7.009073259512207943e-02
2.465728550294558983e-04	7.053565371838747822e-02
2.518190859875295111e-04	7.098057484165287701e-02
2.570653169456029070e-04	7.142549596491826192e-02
2.623115479036765198e-04	7.187041708818366070e-02
2.675577788617501326e-04	7.231533821144905949e-02
2.728040098198236370e-04	7.276025933471444440e-02
2.780502407778970330e-04	7.320518045797982931e-02
2.832964717359706458e-04	7.365010158124522810e-02
2.885427026940442586e-04	7.409502270451062689e-02
2.937889336521176545e-04	7.453994382777601180e-02
2.990351646101912673e-04	7.498486495104141059e-02
3.042813955682648801e-04	7.542978607430680937e-02
3.095276265263382761e-04	7.587470719757219428e-02
3.147738574844118889e-04	7.631962832083759307e-02
3.200200884424852848e-04	7.676454944410297798e-02
3.252663194005588976e-04	7.720947056736837677e-02
3.305125503586324020e-04	7.765439169063376168e-02
3.357587813167059064e-04	7.809931281389916047e-02
3.410050122747795192e-04	7.854423393716455926e-02
3.462512432328530235e-04	7.898915506042994417e-02
3.514974741909265279e-04	7.943407618369534295e-02
3.567437051490000323e-04	7.987899730696072786e-02
3.619899361070736451e-04	8.032391843022612665e-02
3.672361670651470410e-04	8.076883955349151156e-02
3.724823980232206538e-04	8.121376067675691035e-02
3.777286289812942666e-04	8.165868180002230914e-02
3.829748599393676626e-04	8.210360292328769405e-02
3.882210908974412754e-04	8.254852404655309284e-02
3.934673218555148882e-04	8.299344516981849162e-02
3.987135528135882841e-04	8.343836629308387653e-02
4.039597837716616801e-04	8.388328741634926144e-02
4.092060147297352929e-04	8.432820853961466023e-02
4.144522456878089057e-04	8.477312966288005902e-02
4.196984766458823016e-04	8.521805078614544393e-02
4.249447076039559144e-04	8.566297190941084272e-02
4.301909385620295272e-04	8.610789303267624151e-02
4.354371695201029232e-04	8.655281415594162642e-02
4.406834004781765360e-04	8.699773527920701133e-02
4.459296314362501488e-04	8.744265640247242399e-02
4.511758623943235447e-04	8.788757752573780890e-02
4.564220933523971575e-04	8.833249864900319381e-02
4.616683243104707703e-04	8.877741977226859260e-02
4.669145552685441663e-04	8.922234089553399139e-02
4.721607862266177791e-04	8.966726201879937630e-02
4.774070171846913919e-04	9.011218314206477509e-02
4.826532481427650047e-04	9.055710426533017388e-02
4.878994791008384006e-04	9.100202538859555879e-02
4.931457100589117966e-04	9.144694651186094370e-02
4.983919410169854094e-04	9.189186763512634248e-02
5.036381719750590222e-04	9.233678875839174127e-02
5.088844029331324181e-04	9.278170988165712618e-02
5.141306338912060309e-04	9.322663100492252497e-02
5.193768648492796437e-04	9.367155212818792376e-02
5.246230958073530397e-04	9.411647325145330867e-02
5.298693267654264356e-04	9.456139437471869358e-02
5.351155577235002653e-04	9.500631549798410624e-02
5.403617886815736612e-04	9.545123662124949115e-02
5.456080196396470572e-04	9.589615774451487606e-02
5.508542505977206700e-04	9.634107886778027485e-02
5.561004815557942828e-04	9.678599999104567364e-02
5.613467125138676787e-04	9.723092111431105855e-02
5.665929434719412915e-04	9.767584223757645734e-02
5.718391744300149043e-04	9.812076336084185613e-02
5.770854053880883003e-04	9.856568448410724104e-02
5.823316363461616962e-04	9.901060560737262595e-02
5.875778673042353090e-04	9.945552673063802473e-02
5.928240982623089218e-04	9.990044785390342352e-02
5.980703292203825346e-04	1.003453689771688084e-01
6.033165601784559306e-04	1.007902901004342072e-01
6.085627911365295434e-04	1.012352112236996060e-01
6.138090220946031562e-04	1.016801323469649909e-01
6.190552530526765521e-04	1.021250534702303758e-01
6.243014840107501649e-04	1.025699745934957746e-01
6.295477149688237777e-04	1.030148957167611734e-01
6.347939459268971737e-04	1.034598168400265583e-01
6.400401768849707865e-04	1.039047379632919571e-01
6.452864078430443993e-04	1.043496590865573559e-01
6.505326388011177952e-04	1.047945802098227408e-01
6.557788697591911912e-04	1.052395013330881257e-01
6.610251007172650208e-04	1.056844224563535384e-01
6.662713316753384168e-04	1.061293435796189233e-01
6.715175626334118127e-04	1.065742647028843082e-01
6.767637935914854255e-04	1.070191858261497070e-01
6.820100245495590383e-04	1.074641069494151058e-01
6.872562555076324343e-04	1.079090280726804907e-01
6.925024864657060471e-04	1.083539491959458895e-01
6.977487174237796599e-04	1.087988703192112883e-01
7.029949483818530558e-04	1.092437914424766732e-01
7.082411793399264518e-04	1.096887125657420581e-01
7.134874102980000646e-04	1.101336336890074569e-01
7.187336412560736774e-04	1.105785548122728557e-01
7.239798722141470733e-04	1.110234759355382406e-01
7.292261031722206861e-04	1.114683970588036394e-01
7.344723341302942989e-04	1.119133181820690381e-01
7.397185650883676949e-04	1.123582393053344231e-01
7.449647960464413077e-04	1.128031604285998080e-01
7.502110270045149205e-04	1.132480815518652206e-01
7.554572579625883164e-04	1.136930026751306055e-01
7.607034889206619292e-04	1.141379237983959904e-01
7.659497198787355420e-04	1.145828449216614031e-01
7.711959508368091548e-04	1.150277660449267880e-01
7.764421817948825508e-04	1.154726871681921729e-01
7.816884127529559467e-04	1.159176082914575578e-01
7.869346437110297764e-04	1.163625294147229705e-01
7.921808746691031723e-04	1.168074505379883554e-01
7.974271056271765683e-04	1.172523716612537403e-01
8.026733365852503979e-04	1.176972927845191530e-01
8.079195675433237939e-04	1.181422139077845379e-01
8.131657985013971898e-04	1.185871350310499228e-01
8.184120294594705858e-04	1.190320561543153077e-01
8.236582604175444154e-04	1.194769772775807204e-01
8.289044913756178114e-04	1.199218984008461053e-01
8.341507223336912073e-04	1.203668195241114902e-01
8.393969532917650370e-04	1.208117406473769029e-01
8.446431842498384329e-04	1.212566617706422878e-01
8.498894152079118289e-04	1.217015828939076727e-01
8.551356461659856585e-04	1.221465040171730854e-01
8.603818771240590545e-04	1.225914251404384703e-01
8.656281080821324504e-04	1.230363462637038552e-01
8.708743390402058464e-04	1.234812673869692401e-01
8.761205699982796760e-04	1.239261885102346528e-01
8.813668009563530720e-04	1.243711096335000377e-01
8.866130319144266848e-04	1.248160307567654226e-01
8.918592628725002976e-04	1.252609518800308352e-01
8.971054938305736935e-04	1.257058730032962202e-01
9.023517247886473063e-04	1.261507941265616051e-01
9.075979557467207023e-04	1.265957152498269900e-01
9.128441867047943151e-04	1.270406363730924026e-01
9.180904176628679279e-04	1.274855574963577876e-01
9.233366486209413238e-04	1.279304786196231725e-01
9.285828795790151535e-04	1.283753997428885851e-01
9.338291105370885494e-04	1.288203208661539700e-01
9.390753414951619454e-04	1.292652419894193550e-01
9.443215724532353413e-04	1.297101631126847399e-01
9.495678034113091710e-04	1.301550842359501525e-01
9.548140343693825669e-04	1.306000053592155374e-01
9.600602653274559629e-04	1.310449264824809223e-01
9.653064962855297925e-04	1.314898476057463350e-01
9.705527272436031885e-04	1.319347687290117199e-01
9.757989582016765844e-04	1.323796898522771048e-01
9.810451891597504141e-04	1.328246109755425175e-01
9.862914201178238100e-04	1.332695320988079024e-01
9.915376510758972060e-04	1.337144532220732873e-01
9.967838820339706019e-04	1.341593743453386722e-01
1.002030112992044432e-03	1.346042954686040849e-01
1.007276343950117828e-03	1.350492165918694698e-01
1.012522574908191223e-03	1.354941377151348547e-01
1.017768805866265053e-03	1.359390588384002674e-01
1.023015036824338449e-03	1.363839799616656523e-01
1.028261267782411845e-03	1.368289010849310372e-01
1.033507498740485458e-03	1.372738222081964221e-01
1.038753729698559071e-03	1.377187433314618348e-01
1.043999960656632467e-03	1.381636644547272197e-01
1.049246191614706079e-03	1.386085855779926046e-01
1.054492422572779692e-03	1.390535067012580173e-01
1.059738653530853305e-03	1.394984278245234022e-01
1.064984884488926701e-03	1.399433489477887871e-01
1.070231115447000314e-03	1.403882700710541998e-01
1.075477346405073927e-03	1.408331911943195847e-01
1.080723577363147322e-03	1.412781123175849696e-01
1.085969808321220718e-03	1.417230334408503545e-01
1.091216039279294548e-03	1.421679545641157671e-01
1.096462270237367944e-03	1.426128756873811521e-01
1.101708501195441340e-03	1.430577968106465370e-01
1.106954732153515170e-03	1.435027179339119496e-01
1.112200963111588566e-03	1.439476390571773345e-01
1.117447194069661962e-03	1.443925601804427195e-01
1.122693425027735357e-03	1.448374813037081044e-01
1.127939655985809187e-03	1.452824024269735170e-01
1.133185886943882583e-03	1.457273235502389019e-01
1.138432117901955979e-03	1.461722446735042868e-01
1.143678348860029809e-03	1.466171657967696995e-01
1.148924579818103205e-03	1.470620869200350844e-01
1.154170810776176601e-03	1.475070080433004693e-01
1.159417041734249997e-03	1.479519291665658542e-01
1.164663272692323826e-03	1.483968502898312669e-01
1.169909503650397222e-03	1.488417714130966518e-01
1.175155734608470835e-03	1.492866925363620367e-01
1.180401965566544448e-03	1.497316136596274494e-01
1.185648196524617844e-03	1.501765347828928343e-01
1.190894427482691456e-03	1.506214559061582192e-01
1.196140658440765069e-03	1.510663770294236319e-01
1.201386889398838465e-03	1.515112981526890168e-01
1.206633120356912078e-03	1.519562192759544017e-01
1.211879351314985474e-03	1.524011403992197866e-01
1.217125582273059304e-03	1.528460615224851993e-01
1.222371813231132700e-03	1.532909826457505842e-01
1.227618044189206096e-03	1.537359037690159691e-01
1.232864275147279925e-03	1.541808248922813818e-01
1.238110506105353321e-03	1.546257460155467667e-01
1.243356737063426717e-03	1.550706671388121516e-01
1.248602968021500113e-03	1.555155882620775365e-01
1.253849198979573943e-03	1.559605093853429492e-01
1.259095429937647339e-03	1.564054305086083341e-01
1.264341660895720735e-03	1.568503516318737190e-01
1.269587891853794564e-03	1.572952727551391316e-01
1.274834122811867960e-03	1.577401938784045166e-01
1.280080353769941356e-03	1.581851150016699015e-01
1.285326584728015186e-03	1.586300361249353141e-01
1.290572815686088582e-03	1.590749572482006990e-01
1.295819046644161978e-03	1.595198783714660840e-01
1.301065277602235374e-03	1.599647994947314689e-01
1.306311508560309203e-03	1.604097206179968815e-01
1.311557739518382599e-03	1.608546417412622664e-01
1.316803970476455995e-03	1.612995628645276514e-01
1.322050201434529825e-03	1.617444839877930640e-01
1.327296432392603221e-03	1.621894051110584489e-01
1.332542663350676617e-03	1.626343262343238338e-01
1.337788894308750230e-03	1.630792473575892187e-01
1.343035125266823842e-03	1.635241684808546314e-01
1.348281356224897455e-03	1.639690896041200163e-01
1.353527587182970851e-03	1.644140107273854012e-01
1.358773818141044464e-03	1.648589318506508139e-01
1.364020049099118077e-03	1.653038529739161988e-01
1.369266280057191473e-03	1.657487740971815837e-01
1.374512511015265302e-03	1.661936952204469964e-01
1.379758741973338698e-03	1.666386163437123813e-01
1.385004972931412094e-03	1.670835374669777662e-01
1.390251203889485490e-03	1.675284585902431511e-01
1.395497434847559320e-03	1.679733797135085638e-01
1.400743665805632716e-03	1.684183008367739487e-01
1.405989896763706112e-03	1.688632219600393336e-01
1.411236127721779941e-03	1.693081430833047463e-01
1.416482358679853337e-03	1.697530642065701312e-01
1.421728589637926733e-03	1.701979853298355161e-01
1.426974820596000129e-03	1.706429064531009010e-01
1.432221051554073959e-03	1.710878275763663137e-01
1.437467282512147355e-03	1.715327486996316986e-01
1.442713513470220751e-03	1.719776698228970835e-01
1.447959744428294580e-03	1.724225909461624962e-01
1.453205975386367976e-03	1.728675120694278811e-01
1.458452206344441372e-03	1.733124331926932660e-01
1.463698437302514768e-03	1.737573543159586509e-01
1.468944668260588598e-03	1.742022754392240635e-01
1.474190899218661994e-03	1.746471965624894485e-01
1.479437130176735823e-03	1.750921176857548611e-01
1.484683361134809219e-03	1.755370388090202460e-01
1.489929592092882615e-03	1.759819599322856309e-01
1.495175823050956011e-03	1.764268810555510159e-01
1.500422054009029841e-03	1.768718021788164285e-01
1.505668284967103237e-03	1.773167233020818134e-01
1.510914515925176633e-03	1.777616444253471983e-01
1.516160746883250462e-03	1.782065655486126110e-01
1.521406977841323858e-03	1.786514866718779959e-01
1.526653208799397254e-03	1.790964077951433808e-01
1.531899439757471084e-03	1.795413289184087935e-01
1.537145670715544480e-03	1.799862500416741784e-01
1.542391901673617876e-03	1.804311711649395633e-01
1.547638132631691272e-03	1.808760922882049482e-01
1.552884363589765102e-03	1.813210134114703609e-01
1.558130594547838497e-03	1.817659345347357458e-01
1.563376825505911893e-03	1.822108556580011307e-01
1.568623056463985723e-03	1.826557767812665434e-01
1.573869287422059119e-03	1.831006979045319283e-01
1.579115518380132949e-03	1.835456190277973132e-01
1.584361749338206345e-03	1.839905401510626981e-01
1.589607980296279741e-03	1.844354612743281108e-01
1.594854211254353570e-03	1.848803823975934957e-01
1.600100442212426966e-03	1.853253035208588806e-01
1.605346673170500362e-03	1.857702246441242933e-01
1.610592904128574192e-03	1.862151457673896782e-01
1.615839135086647588e-03	1.866600668906550631e-01
1.621085366044721417e-03	1.871049880139204757e-01
1.626331597002794813e-03	1.875499091371858607e-01
1.631577827960868209e-03	1.879948302604512456e-01
1.636824058918941605e-03	1.884397513837166305e-01
1.642070289877015435e-03	1.888846725069820431e-01
1.647316520835088831e-03	1.893295936302474280e-01
1.652562751793162227e-03	1.897745147535128130e-01
1.657808982751236056e-03	1.902194358767782256e-01
1.663055213709309452e-03	1.906643570000436105e-01
1.668301444667382848e-03	1.911092781233089954e-01
1.673547675625456244e-03	1.915541992465743804e-01
1.678793906583530074e-03	1.919991203698397930e-01
1.684040137541603470e-03	1.924440414931051779e-01
1.689286368499676866e-03	1.928889626163705628e-01
1.694532599457750695e-03	1.933338837396359755e-01
1.699778830415824091e-03	1.937788048629013604e-01
1.705025061373897487e-03	1.942237259861667453e-01
1.710271292331971317e-03	1.946686471094321580e-01
1.715517523290044713e-03	1.951135682326975429e-01
1.720763754248118109e-03	1.955584893559629278e-01
1.726009985206191505e-03	1.960034104792283127e-01
1.731256216164265335e-03	1.964483316024937254e-01
1.736502447122338730e-03	1.968932527257591103e-01
1.741748678080412126e-03	1.973381738490244952e-01
1.746994909038485956e-03	1.977830949722899079e-01
1.752241139996559352e-03	1.982280160955552928e-01
1.757487370954632748e-03	1.986729372188206777e-01
1.762733601912706144e-03	1.991178583420860626e-01
1.767979832870779974e-03	1.995627794653514753e-01
1.773226063828853370e-03	2.000077005886168602e-01
1.778472294786926765e-03	2.004526217118822451e-01
1.783718525745000595e-03	2.008975428351476578e-01
1.788964756703073991e-03	2.013424639584130427e-01
1.794210987661147387e-03	2.017873850816784276e-01
1.799457218619220783e-03	2.022323062049438125e-01
1.804703449577294613e-03	2.026772273282092252e-01
1.809949680535368009e-03	2.031221484514746101e-01
1.815195911493441405e-03	2.035670695747399950e-01
1.820442142451515234e-03	2.040119906980054076e-01
1.825688373409588630e-03	2.044569118212707926e-01
1.830934604367662026e-03	2.049018329445361775e-01
1.836180835325735856e-03	2.053467540678015901e-01
1.841427066283809252e-03	2.057916751910669750e-01
1.846673297241882648e-03	2.062365963143323599e-01
1.851919528199956044e-03	2.066815174375977449e-01
1.857165759158029873e-03	2.071264385608631575e-01
1.862411990116103269e-03	2.075713596841285424e-01
1.867658221074177099e-03	2.080162808073939273e-01
1.872904452032250495e-03	2.084612019306593400e-01
1.878150682990323891e-03	2.089061230539247249e-01
1.883396913948397720e-03	2.093510441771901098e-01
1.888643144906471116e-03	2.097959653004554947e-01
1.893889375864544512e-03	2.102408864237209074e-01
1.899135606822618342e-03	2.106858075469862923e-01
1.904381837780691738e-03	2.111307286702516772e-01
1.909628068738765568e-03	2.115756497935170899e-01
1.914874299696838963e-03	2.120205709167824748e-01
1.920120530654912359e-03	2.124654920400478597e-01
1.925366761612986189e-03	2.129104131633132724e-01
1.930612992571059585e-03	2.133553342865786573e-01
1.935859223529132981e-03	2.138002554098440422e-01
1.941105454487206377e-03	2.142451765331094271e-01
1.946351685445280207e-03	2.146900976563748398e-01
1.951597916403353603e-03	2.151350187796402247e-01
1.956844147361426998e-03	2.155799399029056096e-01
1.962090378319500828e-03	2.160248610261710223e-01
1.967336609277574224e-03	2.164697821494364072e-01
1.972582840235647620e-03	2.169147032727017921e-01
1.977829071193721016e-03	2.173596243959671770e-01
1.983075302151794846e-03	2.178045455192325897e-01
1.988321533109868242e-03	2.182494666424979746e-01
1.993567764067941638e-03	2.186943877657633595e-01
1.998813995026015467e-03	2.191393088890287721e-01
2.004060225984088863e-03	2.195842300122941571e-01
2.009306456942162259e-03	2.200291511355595420e-01
2.014552687900235655e-03	2.204740722588249269e-01
2.019798918858309485e-03	2.209189933820903395e-01
2.025045149816382881e-03	2.213639145053557244e-01
2.030291380774456277e-03	2.218088356286211094e-01
2.035537611732530106e-03	2.222537567518865220e-01
2.040783842690603502e-03	2.226986778751519069e-01
2.046030073648676898e-03	2.231435989984172918e-01
2.051276304606750728e-03	2.235885201216827045e-01
2.056522535564824124e-03	2.240334412449480894e-01
2.061768766522897520e-03	2.244783623682134743e-01
2.067014997480970916e-03	2.249232834914788592e-01
2.072261228439044745e-03	2.253682046147442719e-01
2.077507459397118141e-03	2.258131257380096568e-01
2.082753690355191537e-03	2.262580468612750417e-01
2.087999921313265367e-03	2.267029679845404544e-01
2.093246152271338763e-03	2.271478891078058393e-01
2.098492383229412159e-03	2.275928102310712242e-01
2.103738614187485555e-03	2.280377313543366091e-01
2.108984845145559384e-03	2.284826524776020218e-01
2.114231076103632780e-03	2.289275736008674067e-01
2.119477307061706176e-03	2.293724947241327916e-01
2.124723538019780006e-03	2.298174158473982043e-01
2.129969768977853402e-03	2.302623369706635892e-01
2.135215999935926798e-03	2.307072580939289741e-01
2.140462230894000627e-03	2.311521792171943868e-01
2.145708461852074023e-03	2.315971003404597717e-01
2.150954692810147419e-03	2.320420214637251566e-01
2.156200923768221249e-03	2.324869425869905415e-01
2.161447154726294645e-03	2.329318637102559542e-01
2.166693385684368041e-03	2.333767848335213391e-01
2.171939616642441871e-03	2.338217059567867240e-01
2.177185847600515266e-03	2.342666270800521366e-01
2.182432078558588662e-03	2.347115482033175216e-01
2.187678309516662492e-03	2.351564693265829065e-01
2.192924540474735888e-03	2.356013904498482914e-01
2.198170771432809718e-03	2.360463115731137040e-01
2.203417002390883114e-03	2.364912326963790890e-01
2.208663233348956510e-03	2.369361538196444739e-01
2.213909464307030339e-03	2.373810749429098865e-01
2.219155695265103735e-03	2.378259960661752714e-01
2.224401926223177131e-03	2.382709171894406563e-01
2.229648157181250961e-03	2.387158383127060690e-01
2.234894388139324357e-03	2.391607594359714539e-01
2.240140619097397753e-03	2.396056805592368388e-01
2.245386850055471149e-03	2.400506016825022237e-01
2.250633081013544978e-03	2.404955228057676364e-01
2.255879311971618374e-03	2.409404439290330213e-01
2.261125542929691770e-03	2.413853650522984062e-01
2.266371773887765600e-03	2.418302861755638189e-01
2.271618004845838996e-03	2.422752072988292038e-01
2.276864235803912392e-03	2.427201284220945887e-01
2.282110466761985788e-03	2.431650495453599736e-01
2.287356697720059617e-03	2.436099706686253863e-01
2.292602928678133013e-03	2.440548917918907712e-01
2.297849159636206409e-03	2.444998129151561561e-01
2.303095390594280239e-03	2.449447340384215688e-01
2.308341621552353635e-03	2.453896551616869537e-01
2.313587852510427031e-03	2.458345762849523386e-01
2.318834083468500427e-03	2.462794974082177235e-01
2.324080314426574256e-03	2.467244185314831362e-01
2.329326545384647652e-03	2.471693396547485211e-01
2.334572776342721048e-03	2.476142607780139060e-01
2.339819007300794878e-03	2.480591819012793187e-01
2.345065238258868274e-03	2.485041030245447036e-01
2.350311469216941670e-03	2.489490241478100885e-01
2.355557700175015499e-03	2.493939452710755011e-01
2.360803931133088895e-03	2.498388663943408861e-01
2.366050162091162291e-03	2.502837875176062710e-01
2.371296393049235687e-03	2.507287086408716559e-01
2.376542624007309083e-03	2.511736297641370408e-01
2.381788854965382479e-03	2.516185508874024257e-01
2.387035085923456309e-03	2.520634720106678106e-01
2.392281316881530139e-03	2.525083931339332510e-01
2.397527547839603534e-03	2.529533142571986359e-01
2.402773778797676930e-03	2.533982353804640208e-01
2.408020009755750326e-03	2.538431565037294058e-01
2.413266240713823722e-03	2.542880776269947907e-01
2.418512471671897552e-03	2.547329987502601756e-01
2.423758702629970948e-03	2.551779198735255605e-01
2.429004933588044778e-03	2.556228409967910009e-01
2.434251164546118174e-03	2.560677621200563858e-01
2.439497395504191569e-03	2.565126832433217707e-01
2.444743626462265399e-03	2.569576043665871556e-01
2.449989857420338795e-03	2.574025254898525406e-01
2.455236088378412191e-03	2.578474466131179255e-01
2.460482319336485587e-03	2.582923677363833104e-01
2.465728550294559417e-03	2.587372888596487508e-01
2.470974781252632813e-03	2.591822099829141357e-01
2.476221012210706642e-03	2.596271311061795206e-01
2.481467243168780038e-03	2.600720522294449055e-01
2.486713474126853434e-03	2.605169733527102904e-01
2.491959705084926830e-03	2.609618944759756753e-01
2.497205936043000226e-03	2.614068155992410603e-01
2.502452167001074489e-03	2.618517367225065007e-01
2.507698397959147885e-03	2.622966578457718856e-01
2.512944628917221281e-03	2.627415789690372705e-01
2.518190859875294677e-03	2.631865000923026554e-01
2.523437090833368073e-03	2.636314212155680403e-01
2.528683321791441469e-03	2.640763423388334252e-01
2.533929552749515732e-03	2.645212634620988656e-01
2.539175783707589128e-03	2.649661845853642506e-01
2.544422014665662524e-03	2.654111057086296355e-01
2.549668245623735920e-03	2.658560268318950204e-01
2.554914476581809316e-03	2.663009479551604053e-01
2.560160707539882712e-03	2.667458690784257902e-01
2.565406938497956108e-03	2.671907902016911751e-01
2.570653169456030371e-03	2.676357113249566155e-01
2.575899400414103767e-03	2.680806324482220004e-01
2.581145631372177163e-03	2.685255535714873854e-01
2.586391862330250559e-03	2.689704746947527703e-01
2.591638093288323955e-03	2.694153958180181552e-01
2.596884324246397351e-03	2.698603169412835401e-01
2.602130555204470747e-03	2.703052380645489250e-01
2.607376786162545011e-03	2.707501591878143654e-01
2.612623017120618407e-03	2.711950803110797503e-01
2.617869248078691802e-03	2.716400014343451352e-01
