D	q
0.000000000000000000e+00	5.300875757316460962e-02
2.783037283661472707e-06	5.337481798381400744e-02
5.566074567322945414e-06	5.374087839446341219e-02
8.349111850984418121e-06	5.410693880511281001e-02
1.113214913464594504e-05	5.447299921576221476e-02
1.391518641830741775e-05	5.483905962641161258e-02
1.669822370196889045e-05	5.520512003706101734e-02
1.948126098563036316e-05	5.557118044771041515e-02
2.226429826929189008e-05	5.593724085835981991e-02
2.504733555295336278e-05	5.630330126900921772e-02
2.783037283661478128e-05	5.666936167965861554e-02
3.061341012027630820e-05	5.703542209030802029e-02
3.339644740393778091e-05	5.740148250095741811e-02
3.617948468759930782e-05	5.776754291160682286e-02
3.896252197126072632e-05	5.813360332225622068e-02
4.174555925492225324e-05	5.849966373290562544e-02
4.452859653858372594e-05	5.886572414355502325e-02
4.731163382224525286e-05	5.923178455420442801e-02
5.009467110590667136e-05	5.959784496485382582e-02
5.287770838956814407e-05	5.996390537550322364e-02
5.566074567322967098e-05	6.032996578615262839e-02
5.844378295689114369e-05	6.069602619680202621e-02
6.122682024055261640e-05	6.106208660745143096e-02
6.400985752421408910e-05	6.142814701810082878e-02
6.679289480787561602e-05	6.179420742875023354e-02
6.957593209153708873e-05	6.216026783939963135e-02
7.235896937519856143e-05	6.252632825004902917e-02
7.514200665886003414e-05	6.289238866069843392e-02
7.792504394252156106e-05	6.325844907134783868e-02
8.070808122618308798e-05	6.362450948199724343e-02
8.349111850984450647e-05	6.399056989264663431e-02
8.627415579350603339e-05	6.435663030329603906e-02
8.905719307716756031e-05	6.472269071394544382e-02
9.184023036082887038e-05	6.508875112459483470e-02
9.462326764449039730e-05	6.545481153524423945e-02
9.740630492815192422e-05	6.582087194589364421e-02
1.001893422118134511e-04	6.618693235654304896e-02
1.029723794954748696e-04	6.655299276719243984e-02
1.057554167791363966e-04	6.691905317784184459e-02
1.085384540627979235e-04	6.728511358849124935e-02
1.113214913464593420e-04	6.765117399914064023e-02
1.141045286301207605e-04	6.801723440979004498e-02
1.168875659137822874e-04	6.838329482043944973e-02
1.196706031974438143e-04	6.874935523108885449e-02
1.224536404811052328e-04	6.911541564173824537e-02
1.252366777647667597e-04	6.948147605238765012e-02
1.280197150484282866e-04	6.984753646303705488e-02
1.308027523320897051e-04	7.021359687368644575e-02
1.335857896157512320e-04	7.057965728433585051e-02
1.363688268994126505e-04	7.094571769498525526e-02
1.391518641830741775e-04	7.131177810563466002e-02
1.419349014667355960e-04	7.167783851628405090e-02
1.447179387503971229e-04	7.204389892693345565e-02
1.475009760340586498e-04	7.240995933758286041e-02
1.502840133177200683e-04	7.277601974823225128e-02
1.530670506013815952e-04	7.314208015888165604e-02
1.558500878850431221e-04	7.350814056953106079e-02
1.586331251687045406e-04	7.387420098018046555e-02
1.614161624523660675e-04	7.424026139082987030e-02
1.641991997360274860e-04	7.460632180147926118e-02
1.669822370196890129e-04	7.497238221212866593e-02
1.697652743033504314e-04	7.533844262277805681e-02
1.725483115870119584e-04	7.570450303342746157e-02
1.753313488706734853e-04	7.607056344407686632e-02
1.781143861543350122e-04	7.643662385472627108e-02
1.808974234379964307e-04	7.680268426537567583e-02
1.836804607216578492e-04	7.716874467602506671e-02
1.864634980053193761e-04	7.753480508667447146e-02
1.892465352889809030e-04	7.790086549732387622e-02
1.920295725726423215e-04	7.826692590797326710e-02
1.948126098563038484e-04	7.863298631862267185e-02
1.975956471399653754e-04	7.899904672927207661e-02
2.003786844236269023e-04	7.936510713992148136e-02
2.031617217072882123e-04	7.973116755057087224e-02
2.059447589909497393e-04	8.009722796122027699e-02
2.087277962746112662e-04	8.046328837186968175e-02
2.115108335582726847e-04	8.082934878251907262e-02
2.142938708419342116e-04	8.119540919316847738e-02
2.170769081255957385e-04	8.156146960381788213e-02
2.198599454092572654e-04	8.192753001446728689e-02
2.226429826929186839e-04	8.229359042511667777e-02
2.254260199765802108e-04	8.265965083576608252e-02
2.282090572602416293e-04	8.302571124641548728e-02
2.309920945439030478e-04	8.339177165706487815e-02
2.337751318275645748e-04	8.375783206771428291e-02
2.365581691112261017e-04	8.412389247836368766e-02
2.393412063948876286e-04	8.448995288901309242e-02
2.421242436785491555e-04	8.485601329966249717e-02
2.449072809622105740e-04	8.522207371031188805e-02
2.476903182458721009e-04	8.558813412096129281e-02
2.504733555295334110e-04	8.595419453161068368e-02
2.532563928131949379e-04	8.632025494226008844e-02
2.560394300968564648e-04	8.668631535290949319e-02
2.588224673805179918e-04	8.705237576355889795e-02
2.616055046641795187e-04	8.741843617420830270e-02
2.643885419478409372e-04	8.778449658485769358e-02
2.671715792315024641e-04	8.815055699550709833e-02
2.699546165151638826e-04	8.851661740615648921e-02
2.727376537988253011e-04	8.888267781680589397e-02
2.755206910824868280e-04	8.924873822745529872e-02
2.783037283661483549e-04	8.961479863810470348e-02
2.810867656498098818e-04	8.998085904875410823e-02
2.838698029334713003e-04	9.034691945940349911e-02
2.866528402171328272e-04	9.071297987005290386e-02
2.894358775007942457e-04	9.107904028070229474e-02
2.922189147844557727e-04	9.144510069135169950e-02
2.950019520681171912e-04	9.181116110200110425e-02
2.977849893517787181e-04	9.217722151265050901e-02
3.005680266354402450e-04	9.254328192329991376e-02
3.033510639191017719e-04	9.290934233394931852e-02
3.061341012027631904e-04	9.327540274459870939e-02
3.089171384864246089e-04	9.364146315524810027e-02
3.117001757700861358e-04	9.400752356589750502e-02
3.144832130537476627e-04	9.437358397654690978e-02
3.172662503374090812e-04	9.473964438719631453e-02
3.200492876210706081e-04	9.510570479784571929e-02
3.228323249047321351e-04	9.547176520849512404e-02
3.256153621883935536e-04	9.583782561914451492e-02
3.283983994720550805e-04	9.620388602979391968e-02
3.311814367557164990e-04	9.656994644044331055e-02
3.339644740393780259e-04	9.693600685109271531e-02
3.367475113230395528e-04	9.730206726174212006e-02
3.395305486067009713e-04	9.766812767239152482e-02
3.423135858903624982e-04	9.803418808304092957e-02
3.450966231740239167e-04	9.840024849369032045e-02
3.478796604576854436e-04	9.876630890433972521e-02
3.506626977413468621e-04	9.913236931498911608e-02
3.534457350250083891e-04	9.949842972563852084e-02
3.562287723086699160e-04	9.986449013628792559e-02
3.590118095923314429e-04	1.002305505469373303e-01
3.617948468759928614e-04	1.005966109575867351e-01
3.645778841596542799e-04	1.009626713682361260e-01
3.673609214433158068e-04	1.013287317788855307e-01
3.701439587269772253e-04	1.016947921895349216e-01
3.729269960106387522e-04	1.020608526001843264e-01
3.757100332943002791e-04	1.024269130108337311e-01
3.784930705779618060e-04	1.027929734214831359e-01
3.812761078616233330e-04	1.031590338321325406e-01
3.840591451452847515e-04	1.035250942427819315e-01
3.868421824289461700e-04	1.038911546534313363e-01
3.896252197126075885e-04	1.042572150640807271e-01
3.924082569962691154e-04	1.046232754747301319e-01
3.951912942799306423e-04	1.049893358853795367e-01
3.979743315635921692e-04	1.053553962960289414e-01
4.007573688472536961e-04	1.057214567066783462e-01
4.035404061309152230e-04	1.060875171173277509e-01
4.063234434145766415e-04	1.064535775279771418e-01
4.091064806982379516e-04	1.068196379386265327e-01
4.118895179818994785e-04	1.071856983492759374e-01
4.146725552655610054e-04	1.075517587599253422e-01
4.174555925492225324e-04	1.079178191705747469e-01
4.202386298328840593e-04	1.082838795812241517e-01
4.230216671165455862e-04	1.086499399918735564e-01
4.258047044002070047e-04	1.090160004025229473e-01
4.285877416838685316e-04	1.093820608131723521e-01
4.313707789675298417e-04	1.097481212238217430e-01
4.341538162511913686e-04	1.101141816344711477e-01
4.369368535348528955e-04	1.104802420451205525e-01
4.397198908185144224e-04	1.108463024557699572e-01
4.425029281021759494e-04	1.112123628664193620e-01
4.452859653858373679e-04	1.115784232770687529e-01
4.480690026694988948e-04	1.119444836877181576e-01
4.508520399531603133e-04	1.123105440983675485e-01
4.536350772368217318e-04	1.126766045090169532e-01
4.564181145204832587e-04	1.130426649196663580e-01
4.592011518041447856e-04	1.134087253303157627e-01
4.619841890878063125e-04	1.137747857409651675e-01
4.647672263714677310e-04	1.141408461516145584e-01
4.675502636551292579e-04	1.145069065622639631e-01
4.703333009387906764e-04	1.148729669729133540e-01
4.731163382224522033e-04	1.152390273835627588e-01
4.758993755061136218e-04	1.156050877942121635e-01
4.786824127897751488e-04	1.159711482048615683e-01
4.814654500734366757e-04	1.163372086155109730e-01
4.842484873570982026e-04	1.167032690261603778e-01
4.870315246407595127e-04	1.170693294368097548e-01
4.898145619244210396e-04	1.174353898474591595e-01
4.925975992080825665e-04	1.178014502581085643e-01
4.953806364917440934e-04	1.181675106687579691e-01
4.981636737754055119e-04	1.185335710794073738e-01
5.009467110590670388e-04	1.188996314900567786e-01
5.037297483427285658e-04	1.192656919007061833e-01
5.065127856263900927e-04	1.196317523113555881e-01
5.092958229100514028e-04	1.199978127220049651e-01
5.120788601937129297e-04	1.203638731326543698e-01
5.148618974773744566e-04	1.207299335433037746e-01
5.176449347610359835e-04	1.210959939539531793e-01
5.204279720446974020e-04	1.214620543646025841e-01
5.232110093283589289e-04	1.218281147752519888e-01
5.259940466120204558e-04	1.221941751859013936e-01
5.287770838956817659e-04	1.225602355965507706e-01
5.315601211793432928e-04	1.229262960072001754e-01
5.343431584630048197e-04	1.232923564178495801e-01
5.371261957466663467e-04	1.236584168284989849e-01
5.399092330303278736e-04	1.240244772391483896e-01
5.426922703139892921e-04	1.243905376497977944e-01
5.454753075976508190e-04	1.247565980604471991e-01
5.482583448813121291e-04	1.251226584710965761e-01
5.510413821649736560e-04	1.254887188817459809e-01
5.538244194486351829e-04	1.258547792923953856e-01
5.566074567322967098e-04	1.262208397030447904e-01
5.593904940159582367e-04	1.265869001136941951e-01
5.621735312996197637e-04	1.269529605243435999e-01
5.649565685832812906e-04	1.273190209349930047e-01
5.677396058669424922e-04	1.276850813456423817e-01
5.705226431506040191e-04	1.280511417562917864e-01
5.733056804342655461e-04	1.284172021669411912e-01
5.760887177179271814e-04	1.287832625775905959e-01
5.788717550015884915e-04	1.291493229882400007e-01
5.816547922852500184e-04	1.295153833988894054e-01
5.844378295689115453e-04	1.298814438095388102e-01
5.872208668525728554e-04	1.302475042201881872e-01
5.900039041362343823e-04	1.306135646308375919e-01
5.927869414198959092e-04	1.309796250414869967e-01
5.955699787035574361e-04	1.313456854521364014e-01
5.983530159872189631e-04	1.317117458627858062e-01
6.011360532708804900e-04	1.320778062734352110e-01
6.039190905545420169e-04	1.324438666840846157e-01
6.067021278382035438e-04	1.328099270947340205e-01
6.094851651218648539e-04	1.331759875053833975e-01
6.122682024055263808e-04	1.335420479160328022e-01
6.150512396891879077e-04	1.339081083266822070e-01
6.178342769728494346e-04	1.342741687373316117e-01
6.206173142565109616e-04	1.346402291479810165e-01
6.234003515401722716e-04	1.350062895586304212e-01
6.261833888238337986e-04	1.353723499692798260e-01
6.289664261074951086e-04	1.357384103799292030e-01
6.317494633911566355e-04	1.361044707905786078e-01
6.345325006748181625e-04	1.364705312012280125e-01
6.373155379584796894e-04	1.368365916118774173e-01
6.400985752421412163e-04	1.372026520225268220e-01
6.428816125258027432e-04	1.375687124331762268e-01
6.456646498094642701e-04	1.379347728438256315e-01
6.484476870931255802e-04	1.383008332544750085e-01
6.512307243767871071e-04	1.386668936651244133e-01
6.540137616604486340e-04	1.390329540757738180e-01
6.567967989441101610e-04	1.393990144864232228e-01
6.595798362277716879e-04	1.397650748970726275e-01
6.623628735114332148e-04	1.401311353077220323e-01
6.651459107950947417e-04	1.404971957183714371e-01
6.679289480787560518e-04	1.408632561290208141e-01
6.707119853624173619e-04	1.412293165396702188e-01
6.734950226460788888e-04	1.415953769503196236e-01
6.762780599297404157e-04	1.419614373609690283e-01
6.790610972134019426e-04	1.423274977716184331e-01
6.818441344970634695e-04	1.426935581822678378e-01
6.846271717807249964e-04	1.430596185929172426e-01
6.874102090643863065e-04	1.434256790035666196e-01
6.901932463480478334e-04	1.437917394142160243e-01
6.929762836317093604e-04	1.441577998248654291e-01
6.957593209153708873e-04	1.445238602355148338e-01
6.985423581990324142e-04	1.448899206461642386e-01
7.013253954826939411e-04	1.452559810568136434e-01
7.041084327663554680e-04	1.456220414674630481e-01
7.068914700500169949e-04	1.459881018781124529e-01
7.096745073336783050e-04	1.463541622887618299e-01
7.124575446173398319e-04	1.467202226994112346e-01
7.152405819010011420e-04	1.470862831100606394e-01
7.180236191846626689e-04	1.474523435207100441e-01
7.208066564683241959e-04	1.478184039313594489e-01
7.235896937519857228e-04	1.481844643420088536e-01
7.263727310356472497e-04	1.485505247526582584e-01
7.291557683193085598e-04	1.489165851633076354e-01
7.319388056029700867e-04	1.492826455739570402e-01
7.347218428866316136e-04	1.496487059846064449e-01
7.375048801702931405e-04	1.500147663952558497e-01
7.402879174539546674e-04	1.503808268059052544e-01
7.430709547376161943e-04	1.507468872165546592e-01
7.458539920212777213e-04	1.511129476272040639e-01
7.486370293049390313e-04	1.514790080378534409e-01
7.514200665886005583e-04	1.518450684485028457e-01
7.542031038722620852e-04	1.522111288591522504e-01
7.569861411559236121e-04	1.525771892698016552e-01
7.597691784395849222e-04	1.529432496804510599e-01
7.625522157232464491e-04	1.533093100911004647e-01
7.653352530069079760e-04	1.536753705017498695e-01
7.681182902905692861e-04	1.540414309123992465e-01
7.709013275742308130e-04	1.544074913230486512e-01
7.736843648578923399e-04	1.547735517336980560e-01
7.764674021415538668e-04	1.551396121443474607e-01
7.792504394252153938e-04	1.555056725549968655e-01
7.820334767088769207e-04	1.558717329656462702e-01
7.848165139925384476e-04	1.562377933762956750e-01
7.875995512761999745e-04	1.566038537869450797e-01
7.903825885598612846e-04	1.569699141975944567e-01
7.931656258435228115e-04	1.573359746082438615e-01
7.959486631271843384e-04	1.577020350188932662e-01
7.987317004108458653e-04	1.580680954295426710e-01
8.015147376945073922e-04	1.584341558401920758e-01
8.042977749781687023e-04	1.588002162508414805e-01
8.070808122618302292e-04	1.591662766614908853e-01
8.098638495454915393e-04	1.595323370721402623e-01
8.126468868291530662e-04	1.598983974827896670e-01
8.154299241128145932e-04	1.602644578934390718e-01
8.182129613964761201e-04	1.606305183040884765e-01
8.209959986801376470e-04	1.609965787147378813e-01
8.237790359637991739e-04	1.613626391253872860e-01
8.265620732474607008e-04	1.617286995360366908e-01
8.293451105311220109e-04	1.620947599466860678e-01
8.321281478147835378e-04	1.624608203573354726e-01
8.349111850984450647e-04	1.628268807679848773e-01
8.376942223821065917e-04	1.631929411786342821e-01
8.404772596657681186e-04	1.635590015892836868e-01
8.432602969494296455e-04	1.639250619999330916e-01
8.460433342330911724e-04	1.642911224105824963e-01
8.488263715167524825e-04	1.646571828212318733e-01
8.516094088004137926e-04	1.650232432318812781e-01
8.543924460840753195e-04	1.653893036425306828e-01
8.571754833677368464e-04	1.657553640531800876e-01
8.599585206513983733e-04	1.661214244638294923e-01
8.627415579350599002e-04	1.664874848744788971e-01
8.655245952187214271e-04	1.668535452851283019e-01
8.683076325023827372e-04	1.672196056957776789e-01
8.710906697860442641e-04	1.675856661064270836e-01
8.738737070697057911e-04	1.679517265170764884e-01
8.766567443533673180e-04	1.683177869277258931e-01
8.794397816370288449e-04	1.686838473383752979e-01
8.822228189206903718e-04	1.690499077490247026e-01
8.850058562043518987e-04	1.694159681596741074e-01
8.877888934880134256e-04	1.697820285703235121e-01
8.905719307716747357e-04	1.701480889809728891e-01
8.933549680553362626e-04	1.705141493916222939e-01
8.961380053389975727e-04	1.708802098022716986e-01
8.989210426226590996e-04	1.712462702129211034e-01
9.017040799063206265e-04	1.716123306235705082e-01
9.044871171899821535e-04	1.719783910342199129e-01
9.072701544736436804e-04	1.723444514448693177e-01
9.100531917573049905e-04	1.727105118555186947e-01
9.128362290409665174e-04	1.730765722661680994e-01
9.156192663246280443e-04	1.734426326768175042e-01
9.184023036082895712e-04	1.738086930874669089e-01
9.211853408919510981e-04	1.741747534981163137e-01
9.239683781756126250e-04	1.745408139087657184e-01
9.267514154592741520e-04	1.749068743194151232e-01
9.295344527429354620e-04	1.752729347300645002e-01
9.323174900265969890e-04	1.756389951407139050e-01
9.351005273102585159e-04	1.760050555513633097e-01
9.378835645939200428e-04	1.763711159620127145e-01
9.406666018775813529e-04	1.767371763726621192e-01
9.434496391612428798e-04	1.771032367833115240e-01
9.462326764449044067e-04	1.774692971939609287e-01
9.490157137285657168e-04	1.778353576046103057e-01
9.517987510122274605e-04	1.782014180152597382e-01
9.545817882958887706e-04	1.785674784259091152e-01
9.573648255795502975e-04	1.789335388365585200e-01
9.601478628632118244e-04	1.792995992472079247e-01
9.629309001468733514e-04	1.796656596578573295e-01
9.657139374305348783e-04	1.800317200685067343e-01
9.684969747141964052e-04	1.803977804791561390e-01
9.712800119978579321e-04	1.807638408898055438e-01
9.740630492815192422e-04	1.811299013004549208e-01
9.768460865651807691e-04	1.814959617111043255e-01
9.796291238488422960e-04	1.818620221217537303e-01
9.824121611325038229e-04	1.822280825324031350e-01
9.851951984161651330e-04	1.825941429430525398e-01
9.879782356998266599e-04	1.829602033537019445e-01
9.907612729834881869e-04	1.833262637643513493e-01
9.935443102671494969e-04	1.836923241750007263e-01
9.963273475508110238e-04	1.840583845856501310e-01
9.991103848344725508e-04	1.844244449962995358e-01
1.001893422118134078e-03	1.847905054069489406e-01
1.004676459401795605e-03	1.851565658175983453e-01
1.007459496685457132e-03	1.855226262282477501e-01
1.010242533969118658e-03	1.858886866388971548e-01
1.013025571252780185e-03	1.862547470495465596e-01
1.015808608536441495e-03	1.866208074601959366e-01
1.018591645820103022e-03	1.869868678708453413e-01
1.021374683103764549e-03	1.873529282814947461e-01
1.024157720387426076e-03	1.877189886921441508e-01
1.026940757671087603e-03	1.880850491027935556e-01
1.029723794954748913e-03	1.884511095134429604e-01
1.032506832238410440e-03	1.888171699240923651e-01
1.035289869522071750e-03	1.891832303347417421e-01
1.038072906805733277e-03	1.895492907453911469e-01
1.040855944089394804e-03	1.899153511560405516e-01
1.043638981373056331e-03	1.902814115666899564e-01
1.046422018656717858e-03	1.906474719773393611e-01
1.049205055940379385e-03	1.910135323879887659e-01
1.051988093224040912e-03	1.913795927986381706e-01
1.054771130507702222e-03	1.917456532092875476e-01
1.057554167791363749e-03	1.921117136199369524e-01
1.060337205075025276e-03	1.924777740305863571e-01
1.063120242358686802e-03	1.928438344412357619e-01
1.065903279642348329e-03	1.932098948518851667e-01
1.068686316926009856e-03	1.935759552625345714e-01
1.071469354209671383e-03	1.939420156731839762e-01
1.074252391493332693e-03	1.943080760838333532e-01
1.077035428776994003e-03	1.946741364944827579e-01
1.079818466060655530e-03	1.950401969051321627e-01
1.082601503344317057e-03	1.954062573157815674e-01
1.085384540627978584e-03	1.957723177264309722e-01
1.088167577911640111e-03	1.961383781370803769e-01
1.090950615195301638e-03	1.965044385477297817e-01
1.093733652478963165e-03	1.968704989583791864e-01
1.096516689762624475e-03	1.972365593690285634e-01
1.099299727046286002e-03	1.976026197796779682e-01
1.102082764329947529e-03	1.979686801903273730e-01
1.104865801613609056e-03	1.983347406009767777e-01
1.107648838897270583e-03	1.987008010116261825e-01
1.110431876180932110e-03	1.990668614222755872e-01
1.113214913464593636e-03	1.994329218329249920e-01
1.115997950748254947e-03	1.997989822435743690e-01
1.118780988031916473e-03	2.001650426542237737e-01
1.121564025315577784e-03	2.005311030648731785e-01
1.124347062599239310e-03	2.008971634755225832e-01
1.127130099882900837e-03	2.012632238861719880e-01
1.129913137166562364e-03	2.016292842968213928e-01
1.132696174450223891e-03	2.019953447074707975e-01
1.135479211733885201e-03	2.023614051181201745e-01
1.138262249017546728e-03	2.027274655287695793e-01
1.141045286301208255e-03	2.030935259394189840e-01
1.143828323584869782e-03	2.034595863500683888e-01
1.146611360868531309e-03	2.038256467607177935e-01
1.149394398152192836e-03	2.041917071713671983e-01
1.152177435435854363e-03	2.045577675820166030e-01
1.154960472719515673e-03	2.049238279926659800e-01
1.157743510003177200e-03	2.052898884033153848e-01
1.160526547286838727e-03	2.056559488139647895e-01
1.163309584570500254e-03	2.060220092246141943e-01
1.166092621854161564e-03	2.063880696352635991e-01
1.168875659137823091e-03	2.067541300459130038e-01
1.171658696421484618e-03	2.071201904565624086e-01
1.174441733705145928e-03	2.074862508672117856e-01
1.177224770988807455e-03	2.078523112778611903e-01
1.180007808272468981e-03	2.082183716885105951e-01
1.182790845556130508e-03	2.085844320991599998e-01
1.185573882839792035e-03	2.089504925098094046e-01
1.188356920123453562e-03	2.093165529204588093e-01
1.191139957407115089e-03	2.096826133311082141e-01
1.193922994690776616e-03	2.100486737417576188e-01
1.196706031974437926e-03	2.104147341524069958e-01
1.199489069258099453e-03	2.107807945630564006e-01
1.202272106541760980e-03	2.111468549737058054e-01
1.205055143825422507e-03	2.115129153843552101e-01
1.207838181109084034e-03	2.118789757950046149e-01
1.210621218392745561e-03	2.122450362056540196e-01
1.213404255676406871e-03	2.126110966163034244e-01
1.216187292960068181e-03	2.129771570269528014e-01
1.218970330243729708e-03	2.133432174376022061e-01
1.221753367527391235e-03	2.137092778482516109e-01
1.224536404811052762e-03	2.140753382589010156e-01
1.227319442094714289e-03	2.144413986695504204e-01
1.230102479378375815e-03	2.148074590801998252e-01
1.232885516662037342e-03	2.151735194908492299e-01
1.235668553945698652e-03	2.155395799014986069e-01
1.238451591229360179e-03	2.159056403121480117e-01
1.241234628513021706e-03	2.162717007227974164e-01
1.244017665796683233e-03	2.166377611334468212e-01
1.246800703080344760e-03	2.170038215440962259e-01
1.249583740364006287e-03	2.173698819547456307e-01
1.252366777647667814e-03	2.177359423653950354e-01
1.255149814931329124e-03	2.181020027760444124e-01
1.257932852214990434e-03	2.184680631866938172e-01
1.260715889498651961e-03	2.188341235973432219e-01
1.263498926782313488e-03	2.192001840079926267e-01
1.266281964065975015e-03	2.195662444186420315e-01
1.269065001349636542e-03	2.199323048292914362e-01
1.271848038633298069e-03	2.202983652399408410e-01
1.274631075916959379e-03	2.206644256505902180e-01
1.277414113200620906e-03	2.210304860612396227e-01
1.280197150484282433e-03	2.213965464718890275e-01
1.282980187767943960e-03	2.217626068825384322e-01
1.285763225051605486e-03	2.221286672931878370e-01
1.288546262335267013e-03	2.224947277038372417e-01
1.291329299618928540e-03	2.228607881144866465e-01
1.294112336902590067e-03	2.232268485251360512e-01
1.296895374186251377e-03	2.235929089357854282e-01
1.299678411469912904e-03	2.239589693464348330e-01
1.302461448753574214e-03	2.243250297570842378e-01
1.305244486037235741e-03	2.246910901677336425e-01
1.308027523320897268e-03	2.250571505783830473e-01
1.310810560604558795e-03	2.254232109890324520e-01
1.313593597888220322e-03	2.257892713996818568e-01
1.316376635171881632e-03	2.261553318103312338e-01
1.319159672455543159e-03	2.265213922209806385e-01
1.321942709739204686e-03	2.268874526316300433e-01
1.324725747022866213e-03	2.272535130422794480e-01
1.327508784306527740e-03	2.276195734529288528e-01
1.330291821590189267e-03	2.279856338635782576e-01
1.333074858873850793e-03	2.283516942742276623e-01
1.335857896157512104e-03	2.287177546848770393e-01
1.338640933441173630e-03	2.290838150955264441e-01
1.341423970724835157e-03	2.294498755061758488e-01
1.344207008008496684e-03	2.298159359168252536e-01
1.346990045292157994e-03	2.301819963274746583e-01
1.349773082575819521e-03	2.305480567381240631e-01
1.352556119859481048e-03	2.309141171487734678e-01
1.355339157143142358e-03	2.312801775594228448e-01
1.358122194426803885e-03	2.316462379700722496e-01
1.360905231710465412e-03	2.320122983807216543e-01
1.363688268994126939e-03	2.323783587913710591e-01
1.366471306277788466e-03	2.327444192020204639e-01
1.369254343561449993e-03	2.331104796126698686e-01
1.372037380845111520e-03	2.334765400233192734e-01
1.374820418128772830e-03	2.338426004339686504e-01
1.377603455412434357e-03	2.342086608446180551e-01
1.380386492696095884e-03	2.345747212552674599e-01
1.383169529979757411e-03	2.349407816659168646e-01
1.385952567263418938e-03	2.353068420765662694e-01
1.388735604547080464e-03	2.356729024872156741e-01
