D	q
0.000000000000000000e+00	8.382036891808951340e-02
2.117580276722857285e-05	8.443597959975632228e-02
4.235160553445714571e-05	8.505159028142313116e-02
6.352740830168528488e-05	8.566720096308992616e-02
8.470321106891385773e-05	8.628281164475673504e-02
1.058790138361428643e-04	8.689842232642354392e-02
1.270548166033714371e-04	8.751403300809035279e-02
1.482306193705995763e-04	8.812964368975714780e-02
1.694064221378281491e-04	8.874525437142395667e-02
1.905822249050567220e-04	8.936086505309076555e-02
2.117580276722852949e-04	8.997647573475757443e-02
2.329338304395138677e-04	9.059208641642438331e-02
2.541096332067420069e-04	9.120769709809117831e-02
2.752854359739705797e-04	9.182330777975798719e-02
2.964612387411991526e-04	9.243891846142479607e-02
3.176370415084277254e-04	9.305452914309160495e-02
3.388128442756558646e-04	9.367013982475839995e-02
3.599886470428848712e-04	9.428575050642520883e-02
3.811644498101134440e-04	9.490136118809201771e-02
4.023402525773420169e-04	9.551697186975882659e-02
4.235160553445701560e-04	9.613258255142562159e-02
4.446918581117987289e-04	9.674819323309243047e-02
4.658676608790273017e-04	9.736380391475923934e-02
4.870434636462558746e-04	9.797941459642604822e-02
5.082192664134844474e-04	9.859502527809285710e-02
5.293950691807125866e-04	9.921063595975965210e-02
5.505708719479411595e-04	9.982624664142646098e-02
5.717466747151697323e-04	1.004418573230932699e-01
5.929224774823987389e-04	1.010574680047600787e-01
6.140982802496273117e-04	1.016730786864268876e-01
6.352740830168554509e-04	1.022886893680936826e-01
6.564498857840840237e-04	1.029043000497604915e-01
6.776256885513125966e-04	1.035199107314273004e-01
6.988014913185407358e-04	1.041355214130940954e-01
7.199772940857693086e-04	1.047511320947609043e-01
7.411530968529978815e-04	1.053667427764277131e-01
7.623288996202264543e-04	1.059823534580945220e-01
7.835047023874550272e-04	1.065979641397613309e-01
8.046805051546831664e-04	1.072135748214281259e-01
8.258563079219121729e-04	1.078291855030949348e-01
8.470321106891407457e-04	1.084447961847617437e-01
8.682079134563693186e-04	1.090604068664285525e-01
8.893837162235978915e-04	1.096760175480953614e-01
9.105595189908260306e-04	1.102916282297621564e-01
9.317353217580546035e-04	1.109072389114289653e-01
9.529111245252831763e-04	1.115228495930957742e-01
9.740869272925113155e-04	1.121384602747625692e-01
9.952627300597398884e-04	1.127540709564293780e-01
1.016438532826968461e-03	1.133696816380961869e-01
1.037614335594197034e-03	1.139852923197629958e-01
1.058790138361425607e-03	1.146009030014298047e-01
1.079965941128654180e-03	1.152165136830965997e-01
1.101141743895882753e-03	1.158321243647634086e-01
1.122317546663111325e-03	1.164477350464302174e-01
1.143493349430339898e-03	1.170633457280970263e-01
1.164669152197568471e-03	1.176789564097638352e-01
1.185844954964796177e-03	1.182945670914306302e-01
1.207020757732025617e-03	1.189101777730974391e-01
1.228196560499254190e-03	1.195257884547642480e-01
1.249372363266481895e-03	1.201413991364310430e-01
1.270548166033711335e-03	1.207570098180978657e-01
1.291723968800939041e-03	1.213726204997646607e-01
1.312899771568167614e-03	1.219882311814314696e-01
1.334075574335396187e-03	1.226038418630982785e-01
1.355251377102624760e-03	1.232194525447650735e-01
1.376427179869853332e-03	1.238350632264318962e-01
1.397602982637081905e-03	1.244506739080986912e-01
1.418778785404309611e-03	1.250662845897654862e-01
1.439954588171539051e-03	1.256818952714323090e-01
1.461130390938767624e-03	1.262975059530991040e-01
1.482306193705995329e-03	1.269131166347658990e-01
1.503481996473224769e-03	1.275287273164327218e-01
1.524657799240452475e-03	1.281443379980995168e-01
1.545833602007681915e-03	1.287599486797663395e-01
1.567009404774909621e-03	1.293755593614331345e-01
1.588185207542139061e-03	1.299911700430999573e-01
1.609361010309366766e-03	1.306067807247667523e-01
1.630536813076595339e-03	1.312223914064335473e-01
1.651712615843824779e-03	1.318380020881003700e-01
1.672888418611052485e-03	1.324536127697671650e-01
1.694064221378281058e-03	1.330692234514339600e-01
1.715240024145509631e-03	1.336848341331007828e-01
1.736415826912738204e-03	1.343004448147675778e-01
1.757591629679965909e-03	1.349160554964343728e-01
1.778767432447195349e-03	1.355316661781011955e-01
1.799943235214423055e-03	1.361472768597679905e-01
1.821119037981652495e-03	1.367628875414348133e-01
1.842294840748880200e-03	1.373784982231016083e-01
1.863470643516109641e-03	1.379941089047684311e-01
1.884646446283337346e-03	1.386097195864352261e-01
1.905822249050565919e-03	1.392253302681020211e-01
1.926998051817795359e-03	1.398409409497688438e-01
1.948173854585023065e-03	1.404565516314356388e-01
1.969349657352251638e-03	1.410721623131024338e-01
1.990525460119480210e-03	1.416877729947692566e-01
2.011701262886708783e-03	1.423033836764360516e-01
2.032877065653936489e-03	1.429189943581028466e-01
2.054052868421165929e-03	1.435346050397696693e-01
2.075228671188394502e-03	1.441502157214364921e-01
2.096404473955623075e-03	1.447658264031032871e-01
2.117580276722850780e-03	1.453814370847700821e-01
2.138756079490080220e-03	1.459970477664369048e-01
2.159931882257308793e-03	1.466126584481036998e-01
2.181107685024536499e-03	1.472282691297704948e-01
2.202283487791765939e-03	1.478438798114373176e-01
2.223459290558993644e-03	1.484594904931041126e-01
2.244635093326222217e-03	1.490751011747709076e-01
2.265810896093450790e-03	1.496907118564377304e-01
2.286986698860680230e-03	1.503063225381045531e-01
2.308162501627907068e-03	1.509219332197713204e-01
2.329338304395136509e-03	1.515375439014381431e-01
2.350514107162365082e-03	1.521531545831049659e-01
2.371689909929593654e-03	1.527687652647717609e-01
2.392865712696821360e-03	1.533843759464385559e-01
2.414041515464050800e-03	1.539999866281053786e-01
2.435217318231279373e-03	1.546155973097721736e-01
2.456393120998507078e-03	1.552312079914389686e-01
2.477568923765736519e-03	1.558468186731057914e-01
2.498744726532964224e-03	1.564624293547725864e-01
2.519920529300192797e-03	1.570780400364393814e-01
2.541096332067421370e-03	1.576936507181062042e-01
2.562272134834650810e-03	1.583092613997730269e-01
2.583447937601877648e-03	1.589248720814397942e-01
2.604623740369107088e-03	1.595404827631066169e-01
2.625799543136336529e-03	1.601560934447734397e-01
2.646975345903564234e-03	1.607717041264402347e-01
2.668151148670792807e-03	1.613873148081070297e-01
2.689326951438021380e-03	1.620029254897738524e-01
2.710502754205249953e-03	1.626185361714406474e-01
2.731678556972477658e-03	1.632341468531074424e-01
2.752854359739707098e-03	1.638497575347742652e-01
2.774030162506934804e-03	1.644653682164410602e-01
2.795205965274163377e-03	1.650809788981078552e-01
2.816381768041391950e-03	1.656965895797746779e-01
2.837557570808621390e-03	1.663122002614415007e-01
2.858733373575848228e-03	1.669278109431082679e-01
2.879909176343077668e-03	1.675434216247750907e-01
2.901084979110307108e-03	1.681590323064419135e-01
2.922260781877534814e-03	1.687746429881087085e-01
2.943436584644763387e-03	1.693902536697755035e-01
2.964612387411991960e-03	1.700058643514423262e-01
2.985788190179220532e-03	1.706214750331091212e-01
3.006963992946448238e-03	1.712370857147759162e-01
3.028139795713677678e-03	1.718526963964427390e-01
3.049315598480905384e-03	1.724683070781095340e-01
3.070491401248133956e-03	1.730839177597763290e-01
3.091667204015362529e-03	1.736995284414431517e-01
3.112843006782591970e-03	1.743151391231099745e-01
3.134018809549818808e-03	1.749307498047767417e-01
3.155194612317048248e-03	1.755463604864435645e-01
3.176370415084277688e-03	1.761619711681103873e-01
3.197546217851505394e-03	1.767775818497771823e-01
3.218722020618733966e-03	1.773931925314439773e-01
3.239897823385962539e-03	1.780088032131108000e-01
3.261073626153191112e-03	1.786244138947775950e-01
3.282249428920418818e-03	1.792400245764443900e-01
3.303425231687648258e-03	1.798556352581112128e-01
3.324601034454875963e-03	1.804712459397780078e-01
3.345776837222104536e-03	1.810868566214448028e-01
3.366952639989333976e-03	1.817024673031116255e-01
3.388128442756562549e-03	1.823180779847784483e-01
3.409304245523791122e-03	1.829336886664452433e-01
3.430480048291018828e-03	1.835492993481120383e-01
3.451655851058248268e-03	1.841649100297788610e-01
3.472831653825475973e-03	1.847805207114456560e-01
3.494007456592704546e-03	1.853961313931124510e-01
3.515183259359933119e-03	1.860117420747792738e-01
3.536359062127161692e-03	1.866273527564460688e-01
3.557534864894389397e-03	1.872429634381128638e-01
3.578710667661618838e-03	1.878585741197796866e-01
3.599886470428846543e-03	1.884741848014464816e-01
3.621062273196075116e-03	1.890897954831132766e-01
3.642238075963304556e-03	1.897054061647800993e-01
3.663413878730533129e-03	1.903210168464469221e-01
3.684589681497761702e-03	1.909366275281137171e-01
3.705765484264989407e-03	1.915522382097805121e-01
3.726941287032218848e-03	1.921678488914473348e-01
3.748117089799446553e-03	1.927834595731141298e-01
3.769292892566675126e-03	1.933990702547809248e-01
3.790468695333903699e-03	1.940146809364477476e-01
3.811644498101132272e-03	1.946302916181145426e-01
3.832820300868359977e-03	1.952459022997813376e-01
3.853996103635589417e-03	1.958615129814481604e-01
3.875171906402818858e-03	1.964771236631149831e-01
3.896347709170045696e-03	1.970927343447817504e-01
3.917523511937274702e-03	1.977083450264485731e-01
3.938699314704504142e-03	1.983239557081153959e-01
3.959875117471731848e-03	1.989395663897821909e-01
3.981050920238959553e-03	1.995551770714489859e-01
4.002226723006188994e-03	2.001707877531158086e-01
4.023402525773416699e-03	2.007863984347826036e-01
4.044578328540646139e-03	2.014020091164493986e-01
4.065754131307875580e-03	2.020176197981162214e-01
4.086929934075103285e-03	2.026332304797830164e-01
4.108105736842330991e-03	2.032488411614498114e-01
4.129281539609560431e-03	2.038644518431166341e-01
4.150457342376789871e-03	2.044800625247834569e-01
4.171633145144015842e-03	2.050956732064502241e-01
4.192808947911245282e-03	2.057112838881170469e-01
4.213984750678474722e-03	2.063268945697838697e-01
4.235160553445702428e-03	2.069425052514506647e-01
4.256336356212930133e-03	2.075581159331174597e-01
4.277512158980159573e-03	2.081737266147842824e-01
4.298687961747387279e-03	2.087893372964510774e-01
4.319863764514616719e-03	2.094049479781178724e-01
4.341039567281846159e-03	2.100205586597846952e-01
4.362215370049073865e-03	2.106361693414515179e-01
4.383391172816301570e-03	2.112517800231182852e-01
4.404566975583531011e-03	2.118673907047851079e-01
4.425742778350760451e-03	2.124830013864519307e-01
4.446918581117986422e-03	2.130986120681186979e-01
4.468094383885215862e-03	2.137142227497855207e-01
4.489270186652445302e-03	2.143298334314523435e-01
4.510445989419673007e-03	2.149454441131191107e-01
4.531621792186900713e-03	2.155610547947859335e-01
4.552797594954130153e-03	2.161766654764527562e-01
4.573973397721359593e-03	2.167922761581195790e-01
4.595149200488587299e-03	2.174078868397863462e-01
4.616325003255816739e-03	2.180234975214531690e-01
4.637500806023044445e-03	2.186391082031199917e-01
4.658676608790272150e-03	2.192547188847867590e-01
4.679852411557501590e-03	2.198703295664535817e-01
4.701028214324731030e-03	2.204859402481204045e-01
4.722204017091957001e-03	2.211015509297871717e-01
4.743379819859186441e-03	2.217171616114539945e-01
4.764555622626415882e-03	2.223327722931208172e-01
4.785731425393643587e-03	2.229483829747875845e-01
4.806907228160871293e-03	2.235639936564544072e-01
4.828083030928100733e-03	2.241796043381212300e-01
4.849258833695330173e-03	2.247952150197880528e-01
4.870434636462557879e-03	2.254108257014548200e-01
4.891610439229787319e-03	2.260264363831216428e-01
4.912786241997015024e-03	2.266420470647884655e-01
4.933962044764242730e-03	2.272576577464552328e-01
4.955137847531472170e-03	2.278732684281220555e-01
4.976313650298701610e-03	2.284888791097888783e-01
4.997489453065929316e-03	2.291044897914556455e-01
5.018665255833157021e-03	2.297201004731224683e-01
5.039841058600386461e-03	2.303357111547892910e-01
5.061016861367614167e-03	2.309513218364560583e-01
5.082192664134843607e-03	2.315669325181228810e-01
5.103368466902073047e-03	2.321825431997897038e-01
5.124544269669300753e-03	2.327981538814565265e-01
5.145720072436528458e-03	2.334137645631232938e-01
5.166895875203757899e-03	2.340293752447901166e-01
5.188071677970987339e-03	2.346449859264569393e-01
5.209247480738213310e-03	2.352605966081237066e-01
5.230423283505442750e-03	2.358762072897905293e-01
5.251599086272672190e-03	2.364918179714573521e-01
5.272774889039899895e-03	2.371074286531241193e-01
5.293950691807129336e-03	2.377230393347909421e-01
5.315126494574357041e-03	2.383386500164577648e-01
5.336302297341584747e-03	2.389542606981245321e-01
5.357478100108814187e-03	2.395698713797913548e-01
5.378653902876043627e-03	2.401854820614581776e-01
5.399829705643271333e-03	2.408010927431250003e-01
5.421005508410499038e-03	2.414167034247917676e-01
5.442181311177728478e-03	2.420323141064585903e-01
5.463357113944957918e-03	2.426479247881254131e-01
5.484532916712183889e-03	2.432635354697921803e-01
5.505708719479413329e-03	2.438791461514590031e-01
5.526884522246642770e-03	2.444947568331258259e-01
5.548060325013870475e-03	2.451103675147925931e-01
5.569236127781099915e-03	2.457259781964594159e-01
5.590411930548327621e-03	2.463415888781262386e-01
5.611587733315555326e-03	2.469571995597930059e-01
5.632763536082784767e-03	2.475728102414598286e-01
5.653939338850014207e-03	2.481884209231266514e-01
5.675115141617241912e-03	2.488040316047934741e-01
5.696290944384469618e-03	2.494196422864602414e-01
5.717466747151699058e-03	2.500352529681270641e-01
5.738642549918928498e-03	2.506508636497938869e-01
5.759818352686154469e-03	2.512664743314606541e-01
5.780994155453383909e-03	2.518820850131274769e-01
5.802169958220613349e-03	2.524976956947942996e-01
5.823345760987841055e-03	2.531133063764610669e-01
5.844521563755070495e-03	2.537289170581278896e-01
5.865697366522298201e-03	2.543445277397947124e-01
5.886873169289527641e-03	2.549601384214615352e-01
5.908048972056755346e-03	2.555757491031283024e-01
5.929224774823984787e-03	2.561913597847951252e-01
5.950400577591212492e-03	2.568069704664619479e-01
5.971576380358440198e-03	2.574225811481287152e-01
5.992752183125669638e-03	2.580381918297955379e-01
6.013927985892899078e-03	2.586538025114623607e-01
6.035103788660125049e-03	2.592694131931291279e-01
6.056279591427354489e-03	2.598850238747959507e-01
6.077455394194583929e-03	2.605006345564627734e-01
6.098631196961811635e-03	2.611162452381295407e-01
6.119806999729041075e-03	2.617318559197963634e-01
6.140982802496268780e-03	2.623474666014631862e-01
6.162158605263498221e-03	2.629630772831300090e-01
6.183334408030725926e-03	2.635786879647967762e-01
6.204510210797955366e-03	2.641942986464635990e-01
6.225686013565184806e-03	2.648099093281304217e-01
6.246861816332410777e-03	2.654255200097971890e-01
6.268037619099640217e-03	2.660411306914640117e-01
6.289213421866869658e-03	2.666567413731308345e-01
6.310389224634097363e-03	2.672723520547976017e-01
6.331565027401325069e-03	2.678879627364644245e-01
6.352740830168554509e-03	2.685035734181312472e-01
6.373916632935782214e-03	2.691191840997980145e-01
6.395092435703011655e-03	2.697347947814648372e-01
6.416268238470239360e-03	2.703504054631316600e-01
6.437444041237468800e-03	2.709660161447984827e-01
6.458619844004696506e-03	2.715816268264652500e-01
6.479795646771925946e-03	2.721972375081320727e-01
6.500971449539155386e-03	2.728128481897988955e-01
6.522147252306381357e-03	2.734284588714656627e-01
6.543323055073610797e-03	2.740440695531324855e-01
6.564498857840840237e-03	2.746596802347993083e-01
6.585674660608067943e-03	2.752752909164660755e-01
6.606850463375295648e-03	2.758909015981328983e-01
6.628026266142525089e-03	2.765065122797997210e-01
6.649202068909752794e-03	2.771221229614664883e-01
6.670377871676982234e-03	2.777377336431333110e-01
6.691553674444209940e-03	2.783533443248001338e-01
6.712729477211439380e-03	2.789689550064669565e-01
6.733905279978667086e-03	2.795845656881337238e-01
6.755081082745896526e-03	2.802001763698005465e-01
6.776256885513125966e-03	2.808157870514673693e-01
6.797432688280351937e-03	2.814313977331341365e-01
6.818608491047581377e-03	2.820470084148009593e-01
6.839784293814810817e-03	2.826626190964677821e-01
6.860960096582038523e-03	2.832782297781345493e-01
6.882135899349266228e-03	2.838938404598013721e-01
6.903311702116495668e-03	2.845094511414681948e-01
6.924487504883723374e-03	2.851250618231349621e-01
6.945663307650952814e-03	2.857406725048017848e-01
6.966839110418182254e-03	2.863562831864686076e-01
6.988014913185409960e-03	2.869718938681354303e-01
7.009190715952637665e-03	2.875875045498021976e-01
7.030366518719867105e-03	2.882031152314690203e-01
7.051542321487096546e-03	2.888187259131358431e-01
7.072718124254322516e-03	2.894343365948026103e-01
7.093893927021551957e-03	2.900499472764694331e-01
7.115069729788781397e-03	2.906655579581362558e-01
7.136245532556009102e-03	2.912811686398030231e-01
7.157421335323236808e-03	2.918967793214698458e-01
7.178597138090466248e-03	2.925123900031366686e-01
7.199772940857693954e-03	2.931280006848034358e-01
7.220948743624923394e-03	2.937436113664702586e-01
7.242124546392152834e-03	2.943592220481370814e-01
7.263300349159380540e-03	2.949748327298039041e-01
7.284476151926608245e-03	2.955904434114706714e-01
7.305651954693837685e-03	2.962060540931374941e-01
7.326827757461067125e-03	2.968216647748043169e-01
7.348003560228293096e-03	2.974372754564710841e-01
7.369179362995522536e-03	2.980528861381379069e-01
7.390355165762751977e-03	2.986684968198047296e-01
7.411530968529979682e-03	2.992841075014714969e-01
7.432706771297207388e-03	2.998997181831383196e-01
7.453882574064436828e-03	3.005153288648051424e-01
7.475058376831666268e-03	3.011309395464719652e-01
7.496234179598893974e-03	3.017465502281387324e-01
7.517409982366123414e-03	3.023621609098055552e-01
7.538585785133351119e-03	3.029777715914723779e-01
7.559761587900578825e-03	3.035933822731391452e-01
7.580937390667808265e-03	3.042089929548059679e-01
7.602113193435037705e-03	3.048246036364727907e-01
7.623288996202263676e-03	3.054402143181395579e-01
7.644464798969493116e-03	3.060558249998063807e-01
7.665640601736722556e-03	3.066714356814732034e-01
7.686816404503950262e-03	3.072870463631399707e-01
7.707992207271179702e-03	3.079026570448067934e-01
7.729168010038407408e-03	3.085182677264736162e-01
7.750343812805636848e-03	3.091338784081404389e-01
7.771519615572864553e-03	3.097494890898072062e-01
7.792695418340093994e-03	3.103650997714740289e-01
7.813871221107321699e-03	3.109807104531408517e-01
7.835047023874549404e-03	3.115963211348076189e-01
7.856222826641778845e-03	3.122119318164744417e-01
7.877398629409008285e-03	3.128275424981412645e-01
7.898574432176234256e-03	3.134431531798080317e-01
7.919750234943463696e-03	3.140587638614748545e-01
7.940926037710693136e-03	3.146743745431416772e-01
7.962101840477920842e-03	3.152899852248084445e-01
7.983277643245150282e-03	3.159055959064752672e-01
8.004453446012377987e-03	3.165212065881420900e-01
8.025629248779607428e-03	3.171368172698089127e-01
8.046805051546835133e-03	3.177524279514756800e-01
8.067980854314064573e-03	3.183680386331425027e-01
8.089156657081292279e-03	3.189836493148093255e-01
8.110332459848519984e-03	3.195992599964760927e-01
8.131508262615749424e-03	3.202148706781429155e-01
8.152684065382978865e-03	3.208304813598097383e-01
8.173859868150204835e-03	3.214460920414765055e-01
8.195035670917434276e-03	3.220617027231433283e-01
8.216211473684663716e-03	3.226773134048101510e-01
8.237387276451891421e-03	3.232929240864769183e-01
8.258563079219120862e-03	3.239085347681437410e-01
8.279738881986348567e-03	3.245241454498105638e-01
8.300914684753578007e-03	3.251397561314773865e-01
8.322090487520805713e-03	3.257553668131441538e-01
8.343266290288035153e-03	3.263709774948109765e-01
8.364442093055262858e-03	3.269865881764777993e-01
8.385617895822490564e-03	3.276021988581445665e-01
8.406793698589720004e-03	3.282178095398113893e-01
8.427969501356949444e-03	3.288334202214782120e-01
8.449145304124175415e-03	3.294490309031449793e-01
8.470321106891404855e-03	3.300646415848118020e-01
8.491496909658634296e-03	3.306802522664786248e-01
8.512672712425862001e-03	3.312958629481453920e-01
8.533848515193091441e-03	3.319114736298122148e-01
8.555024317960319147e-03	3.325270843114790376e-01
8.576200120727548587e-03	3.331426949931458603e-01
8.597375923494776292e-03	3.337583056748126276e-01
8.618551726262005733e-03	3.343739163564794503e-01
8.639727529029235173e-03	3.349895270381462731e-01
8.660903331796462878e-03	3.356051377198130958e-01
8.682079134563690584e-03	3.362207484014798631e-01
8.703254937330920024e-03	3.368363590831466858e-01
8.724430740098149464e-03	3.374519697648135086e-01
8.745606542865375435e-03	3.380675804464802758e-01
8.766782345632604875e-03	3.386831911281470986e-01
8.787958148399834316e-03	3.392988018098139213e-01
8.809133951167062021e-03	3.399144124914806886e-01
8.830309753934289727e-03	3.405300231731475114e-01
8.851485556701519167e-03	3.411456338548143341e-01
8.872661359468748607e-03	3.417612445364811569e-01
8.893837162235976312e-03	3.423768552181479241e-01
8.915012965003205753e-03	3.429924658998147469e-01
8.936188767770433458e-03	3.436080765814815696e-01
8.957364570537661164e-03	3.442236872631483369e-01
8.978540373304890604e-03	3.448392979448151596e-01
8.999716176072120044e-03	3.454549086264819824e-01
9.020891978839346015e-03	3.460705193081487496e-01
9.042067781606575455e-03	3.466861299898155724e-01
9.063243584373804895e-03	3.473017406714823951e-01
9.084419387141032601e-03	3.479173513531491624e-01
9.105595189908260306e-03	3.485329620348159851e-01
9.126770992675489746e-03	3.491485727164828079e-01
9.147946795442719187e-03	3.497641833981496307e-01
9.169122598209946892e-03	3.503797940798163979e-01
9.190298400977176332e-03	3.509954047614832207e-01
9.211474203744404038e-03	3.516110154431500434e-01
9.232650006511631743e-03	3.522266261248168107e-01
9.253825809278861184e-03	3.528422368064836334e-01
9.275001612046090624e-03	3.534578474881504562e-01
9.296177414813316595e-03	3.540734581698172234e-01
9.317353217580546035e-03	3.546890688514840462e-01
9.338529020347775475e-03	3.553046795331508689e-01
9.359704823115003181e-03	3.559202902148176362e-01
9.380880625882232621e-03	3.565359008964844589e-01
9.402056428649460326e-03	3.571515115781512817e-01
9.423232231416689766e-03	3.577671222598181044e-01
9.444408034183917472e-03	3.583827329414848717e-01
9.465583836951146912e-03	3.589983436231516944e-01
9.486759639718374618e-03	3.596139543048185172e-01
9.507935442485602323e-03	3.602295649864852845e-01
9.529111245252831763e-03	3.608451756681521072e-01
9.550287048020061204e-03	3.614607863498189300e-01
9.571462850787287174e-03	3.620763970314856972e-01
9.592638653554516615e-03	3.626920077131525200e-01
9.613814456321746055e-03	3.633076183948193427e-01
9.634990259088973760e-03	3.639232290764861100e-01
9.656166061856203200e-03	3.645388397581529327e-01
9.677341864623430906e-03	3.651544504398197555e-01
9.698517667390660346e-03	3.657700611214865782e-01
9.719693470157888052e-03	3.663856718031533455e-01
9.740869272925117492e-03	3.670012824848201682e-01
9.762045075692345197e-03	3.676168931664869910e-01
9.783220878459572903e-03	3.682325038481537582e-01
9.804396681226802343e-03	3.688481145298205810e-01
9.825572483994031783e-03	3.694637252114874038e-01
9.846748286761257754e-03	3.700793358931541710e-01
9.867924089528487194e-03	3.706949465748209938e-01
9.889099892295716634e-03	3.713105572564878165e-01
9.910275695062944340e-03	3.719261679381545838e-01
9.931451497830173780e-03	3.725417786198214065e-01
9.952627300597401486e-03	3.731573893014882293e-01
9.973803103364630926e-03	3.737729999831550520e-01
9.994978906131858631e-03	3.743886106648218193e-01
1.001615470889908807e-02	3.750042213464886420e-01
1.003733051166631578e-02	3.756198320281554648e-01
1.005850631443354348e-02	3.762354427098222320e-01
1.007968211720077292e-02	3.768510533914890548e-01
1.010085791996800236e-02	3.774666640731558775e-01
1.012203372273523007e-02	3.780822747548226448e-01
1.014320952550245777e-02	3.786978854364894675e-01
1.016438532826968721e-02	3.793134961181562903e-01
1.018556113103691665e-02	3.799291067998231131e-01
1.020673693380414436e-02	3.805447174814898803e-01
1.022791273657137207e-02	3.811603281631567031e-01
1.024908853933860151e-02	3.817759388448235258e-01
1.027026434210582921e-02	3.823915495264902931e-01
1.029144014487305865e-02	3.830071602081571158e-01
1.031261594764028809e-02	3.836227708898239386e-01
1.033379175040751406e-02	3.842383815714907058e-01
1.035496755317474350e-02	3.848539922531575286e-01
1.037614335594197294e-02	3.854696029348243513e-01
1.039731915870920065e-02	3.860852136164911186e-01
1.041849496147642835e-02	3.867008242981579413e-01
1.043967076424365779e-02	3.873164349798247641e-01
1.046084656701088723e-02	3.879320456614915869e-01
1.048202236977811494e-02	3.885476563431583541e-01
1.050319817254534265e-02	3.891632670248251769e-01
1.052437397531257209e-02	3.897788777064919996e-01
1.054554977807979979e-02	3.903944883881587669e-01
1.056672558084702923e-02	3.910100990698255896e-01
